#         t          x          y          z         vx         vy         vz
       0.0000     -98.4500    -120.0300    -127.8100     -27.7000     174.1200      92.4900
       0.0100     -98.3813    -117.8710    -126.4370      41.4384     257.6845     182.1167
       0.0200     -97.6096    -114.8698    -124.1572     112.9065     342.5534     273.8304
       0.0300     -96.1067    -111.0083    -120.9441     187.6774     429.7381     368.7923
       0.0400     -93.8335    -106.2576    -116.7582     266.9482     520.4132     468.3873
       0.0500     -90.7375    -100.5754    -111.5445     352.2628     616.0180     574.3561
       0.0600     -86.7476     -93.9033    -105.2277     445.7102     718.4127     689.0005
       0.0700     -81.7677     -86.1605     -97.7051     550.2647     830.1324     815.5295
       0.0800     -75.6643     -77.2357     -88.8340     670.4158     954.8353     958.6872
       0.0900     -68.2450     -66.9707     -78.4106     813.4468    1098.1615    1125.9968
       0.1000     -59.2160     -55.1321     -66.1279     992.3604    1269.5540    1330.5312
       0.1100     -48.0850     -41.3509     -51.4844    1233.8467    1486.6940    1598.1797
       0.1200     -33.8805     -24.9740     -33.5310    1607.0431    1788.6777    1992.4969
       0.1300     -13.7918      -4.5949      -9.7563    2410.7032    2287.1513    2762.4396
       0.1400      16.3060      -5.2999      -4.5535    3608.8565   -2428.1488   -1721.8747
       0.1500      47.5328     -27.1129     -19.7353    2636.5083   -1934.4600   -1314.4812
       0.1600      71.6616     -45.1026     -31.8822    2189.2422   -1663.4780   -1114.9099
       0.1700      92.1311     -60.8172     -42.3752    1904.6618   -1479.4483    -983.6798
       0.1800     110.1462     -74.9195     -51.7263    1698.3612   -1341.0117    -886.5570
       0.1900     126.3256     -87.7763     -60.2077    1537.5097   -1230.3437    -809.7109
       0.2000     141.0435     -99.6191     -67.9873    1406.0661   -1138.2166    -746.2058
       0.2100     154.5491    -110.6065     -75.1787    1295.0581   -1059.2676    -692.0883
       0.2200     167.0193    -120.8535     -81.8637    1198.9900    -990.1193    -644.9013
       0.2300     178.5856    -130.4466     -88.1033    1114.2664    -928.5141    -603.0185
       0.2400     189.3490    -139.4536     -93.9449    1038.4145    -872.8726    -565.3106
       0.2500     199.3894    -147.9282     -99.4263     969.6649    -822.0482    -530.9629
       0.2600     208.7713    -155.9143    -104.5780     906.7105    -775.1838    -499.3693
       0.2700     217.5476    -163.4484    -109.4251     848.5596    -731.6220    -470.0670
       0.2800     225.7627    -170.5607    -113.9890     794.4430    -690.8482    -442.6952
       0.2900     233.4536    -177.2772    -118.2873     743.7521    -652.4519    -416.9669
       0.3000     240.6524    -183.6200    -122.3354     695.9978    -616.1005    -392.6503
       0.3100     247.3863    -189.6081    -126.1464     650.7807    -581.5207    -369.5555
       0.3200     253.6790    -195.2581    -129.7318     607.7708    -548.4849    -347.5247
       0.3300     259.5513    -200.5846    -133.1015     566.6917    -516.8016    -326.4254
       0.3400     265.0214    -205.6001    -136.2644     527.3099    -486.3077    -306.1452
       0.3500     270.1050    -210.3160    -139.2281     489.4260    -456.8631    -286.5876
       0.3600     274.8165    -214.7420    -141.9993     452.8679    -428.3465    -267.6693
       0.3700     279.1683    -218.8870    -144.5843     417.4861    -400.6516    -249.3174
       0.3800     283.1714    -222.7587    -146.9882     383.1497    -373.6848    -231.4678
       0.3900     286.8359    -226.3639    -149.2159     349.7428    -347.3627    -214.0637
       0.4000     290.1704    -229.7088    -151.2714     317.1623    -321.6107    -197.0544
       0.4100     293.1828    -232.7986    -153.1587     285.3158    -296.3614    -180.3940
       0.4200     295.8800    -235.6382    -154.8809     254.1199    -271.5537    -164.0411
       0.4300     298.2681    -238.2316    -156.4409     223.4984    -247.1311    -147.9577
       0.4400     300.3525    -240.5825    -157.8412     193.3816    -223.0419    -132.1086
       0.4500     302.1379    -242.6939    -159.0840     163.7052    -199.2375    -116.4615
       0.4600     303.6285    -244.5685    -160.1713     134.4092    -175.6726    -100.9859
       0.4700     304.8277    -246.2083    -161.1045     105.4374    -152.3041     -85.6530
       0.4800     305.7386    -247.6153    -161.8849      76.7366    -129.0910     -70.4354
       0.4900     306.3636    -248.7907    -162.5136      48.2560    -105.9937     -55.3071
       0.5000     306.7046    -249.7356    -162.9914      19.9470     -82.9737     -40.2425
       0.5100     306.7631    -250.4504    -163.3187      -8.2377     -59.9936     -25.2168
       0.5200     306.5402    -250.9355    -163.4958     -36.3442     -37.0160     -10.2057
       0.5300     306.0364    -251.1906    -163.5227     -64.4183     -14.0038       4.8153
       0.5400     305.2518    -251.2152    -163.3993     -92.5051       9.0802      19.8703
       0.5500     304.1860    -251.0084    -163.1250    -120.6503      32.2740      34.9840
       0.5600     302.8383    -250.5690    -162.6992    -148.9000      55.6164      50.1816
       0.5700     301.2073    -249.8951    -162.1209    -177.3013      79.1475      65.4890
       0.5800     299.2912    -248.9848    -161.3887    -205.9029     102.9090      80.9329
       0.5900     297.0879    -247.8356    -160.5014    -234.7554     126.9449      96.5416
       0.6000     294.5946    -246.4443    -159.4569    -263.9118     151.3015     112.3448
       0.6100     291.8079    -244.8077    -158.2533    -293.4281     176.0285     128.3741
       0.6200     288.7239    -242.9217    -156.8882    -323.3643     201.1791     144.6634
       0.6300     285.3382    -240.7817    -155.3586    -353.7845     226.8112     161.2493
       0.6400     281.6455    -238.3827    -153.6615    -384.7585     252.9877     178.1718
       0.6500     277.6399    -235.7189    -151.7933    -416.3624     279.7780     195.4747
       0.6600     273.3147    -232.7837    -149.7498    -448.6796     307.2589     213.2065
       0.6700     268.6623    -229.5698    -147.5267    -481.8031     335.5161     231.4211
       0.6800     263.6741    -226.0690    -145.1187    -515.8365     364.6460     250.1790
       0.6900     258.3404    -222.2720    -142.5201    -550.8963     394.7577     269.5488
       0.7000     252.6503    -218.1683    -139.7243    -587.1150     425.9759     289.6084
       0.7100     246.5915    -213.7462    -136.7240    -624.6442     458.4439     310.4476
       0.7200     240.1500    -208.9924    -133.5109    -663.6588     492.3284     332.1703
       0.7300     233.3099    -203.8916    -130.0756    -704.3627     527.8245     354.8981
       0.7400     226.0531    -198.4267    -126.4072    -746.9956     565.1631     378.7749
       0.7500     218.3589    -192.5777    -122.4935    -791.8426     604.6206     403.9722
       0.7600     210.2035    -186.3220    -118.3201    -839.2466     646.5313     430.6975
       0.7700     201.5591    -179.6328    -113.8706    -889.6254     691.3056     459.2048
       0.7800     192.3935    -172.4790    -109.1255    -943.4952     739.4540     489.8097
       0.7900     182.6685    -164.8236    -104.0619   -1001.5043     791.6230     522.9109
       0.8000     172.3386    -156.6223     -98.6523   -1064.4820     848.6470     559.0218
       0.8100     161.3486    -147.8209     -92.8631   -1133.5120     911.6272     598.8187
       0.8200     149.6308    -138.3525     -86.6529   -1210.0469     982.0571     643.2160
       0.8300     137.1001    -128.1320     -79.9694   -1296.0936    1062.0280     693.4905
       0.8400     123.6470    -117.0490     -72.7444   -1394.5297    1154.5876     751.4962
       0.8500     109.1260    -104.9540     -64.8866   -1509.6785    1264.4087     820.0646
       0.8600      93.3354     -91.6362     -56.2672   -1648.4426    1399.1488     903.8133
       0.8700      75.9792     -76.7776     -46.6932   -1822.7909    1572.5695    1010.9938
       0.8800      56.5847     -59.8495     -35.8457   -2056.1163    1813.0467    1158.5078
       0.8900      34.2848     -39.8121     -23.1028   -2403.8584    2194.4350    1390.0791
       0.9000       6.9736     -13.6288      -6.6479   -3058.3832    3042.2244    1900.8864
       0.9100       2.5489      11.8175      -4.6424    2173.4538    2047.0338   -1499.7749
       0.9200      20.3587      25.8365     -15.6372    1388.4904     756.7656    -699.1893
       0.9300      31.0788      29.9705     -20.2811     755.5322      70.0388    -229.5922
       0.9400      35.5830      28.0168     -20.6119     145.3092    -460.7778     163.4316
       0.9500      33.5368      20.9309     -16.9680    -554.5521    -956.3905     565.3581
       0.9600      22.8481       8.6673      -8.7349   -1583.1717   -1496.3453    1081.2554
       0.9700      -9.4746      -7.6055       8.2890   -4881.3776   -1758.2050    2323.5152
       0.9800     -53.9721     -23.0987      28.8417   -4018.1179   -1340.4416    1787.0288
       0.9900     -92.2358     -35.7316      45.7158   -3634.6337   -1186.1374    1587.7959
       1.0000    -127.4285     -47.1577      61.0272   -3403.9062   -1099.0735    1474.4916
       1.0100    -160.6765     -57.8600      75.3948   -3245.6831   -1041.3993    1399.0233
       1.0200    -192.5484     -68.0655      89.1111   -3128.7105    -999.6983    1344.2420
       1.0300    -223.3813     -77.9031     102.3435   -3037.8669    -967.8171    1302.2370
       1.0400    -253.3947     -87.4546     115.1986   -2964.8066    -942.4780    1268.7741
       1.0500    -282.7412     -96.7757     127.7492   -2904.4919    -921.7523    1241.3526
       1.0600    -311.5320    -105.9066     140.0479   -2853.6765    -904.4213    1218.3870
       1.0700    -339.8512    -114.8771     152.1339   -2810.1613    -889.6720    1198.8171
       1.0800    -367.7640    -123.7101     164.0376   -2772.3966    -876.9388    1181.9035
       1.0900    -395.3223    -132.4239     175.7826   -2739.2548    -865.8146    1167.1128
       1.1000    -422.5680    -141.0329     187.3884   -2709.8934    -855.9978    1154.0493
       1.1100    -449.5358    -149.5492     198.8708   -2683.6687    -847.2598    1142.4127
       1.1200    -476.2546    -157.9826     210.2427   -2660.0794    -839.4238    1131.9704
       1.1300    -502.7486    -166.3415     221.5152   -2638.7284    -832.3507    1122.5389
       1.1400    -529.0387    -174.6329     232.6978   -2619.2970    -825.9292    1113.9718
       1.1500    -555.1428    -182.8629     243.7984   -2601.5256    -820.0693    1106.1500
       1.1600    -581.0765    -191.0367     254.8240   -2585.2009    -814.6973    1098.9762
       1.1700    -606.8532    -199.1590     265.7807   -2570.1456    -809.7521    1092.3696
       1.1800    -632.4850    -207.2337     276.6739   -2556.2107    -805.1827    1086.2628
       1.1900    -657.9824    -215.2643     287.5082   -2543.2706    -800.9461    1080.5987
       1.2000    -683.3548    -223.2541     298.2878   -2531.2180    -797.0058    1075.3290
       1.2100    -708.6107    -231.2057     309.0166   -2519.9611    -793.3305    1070.4123
       1.2200    -733.7576    -239.1219     319.6977   -2509.4204    -789.8934    1065.8129
       1.2300    -758.8024    -247.0047     330.3342   -2499.5271    -786.6712    1061.4999
       1.2400    -783.7511    -254.8563     340.9290   -2490.2212    -783.6436    1057.4463
       1.2500    -808.6095    -262.6784     351.4843   -2481.4498    -780.7928    1053.6286
       1.2600    -833.3826    -270.4729     362.0026   -2473.1665    -778.1032    1050.0260
       1.2700    -858.0750    -278.2412     372.4859   -2465.3303    -775.5611    1046.6202
       1.2800    -882.6912    -285.9848     382.9359   -2457.9046    -773.1543    1043.3950
       1.2900    -907.2350    -293.7050     393.3546   -2450.8569    -770.8718    1040.3359
       1.3000    -931.7101    -301.4028     403.7434   -2444.1581    -768.7039    1037.4299
       1.3100    -956.1198    -309.0796     414.1039   -2437.7820    -766.6421    1034.6655
       1.3200    -980.4672    -316.7362     424.4374   -2431.7051    -764.6783    1032.0322
       1.3300   -1004.7553    -324.3736     434.7451   -2425.9061    -762.8056    1029.5206
       1.3400   -1028.9866    -331.9927     445.0284   -2420.3659    -761.0175    1027.1222
       1.3500   -1053.1638    -339.5943     455.2881   -2415.0669    -759.3083    1024.8293
       1.3600   -1077.2891    -347.1792     465.5254   -2409.9932    -757.6728    1022.6349
       1.3700   -1101.3647    -354.7481     475.7413   -2405.1303    -756.1061    1020.5325
       1.3800   -1125.3927    -362.3017     485.9365   -2400.4650    -754.6037    1018.5163
       1.3900   -1149.3750    -369.8405     496.1120   -2395.9851    -753.1619    1016.5810
       1.4000   -1173.3133    -377.3652     506.2685   -2391.6794    -751.7768    1014.7217
       1.4100   -1197.2094    -384.8763     516.4068   -2387.5378    -750.4450    1012.9338
       1.4200   -1221.0648    -392.3744     526.5275   -2383.5506    -749.1635    1011.2133
       1.4300   -1244.8811    -399.8598     536.6314   -2379.7093    -747.9294    1009.5562
       1.4400   -1268.6597    -407.3332     546.7190   -2376.0057    -746.7400    1007.9590
       1.4500   -1292.4019    -414.7948     556.7908   -2372.4324    -745.5930    1006.4184
       1.4600   -1316.1089    -422.2452     566.8476   -2368.9824    -744.4859    1004.9315
       1.4700   -1339.7821    -429.6847     576.8897   -2365.6492    -743.4167    1003.4953
       1.4800   -1363.4225    -437.1137     586.9177   -2362.4270    -742.3835    1002.1073
       1.4900   -1387.0312    -444.5326     596.9321   -2359.3101    -741.3844    1000.7650
       1.5000   -1410.6092    -451.9416     606.9332   -2356.2932    -740.4177     999.4661
       1.5100   -1434.1575    -459.3411     616.9216   -2353.3716    -739.4818     998.2085
       1.5200   -1457.6771    -466.7314     626.8976   -2350.5406    -738.5752     996.9903
       1.5300   -1481.1688    -474.1127     636.8616   -2347.7961    -737.6965     995.8095
       1.5400   -1504.6334    -481.4854     646.8140   -2345.1340    -736.8445     994.6645
       1.5500   -1528.0718    -488.8497     656.7551   -2342.5506    -736.0180     993.5535
       1.5600   -1551.4848    -496.2059     666.6852   -2340.0423    -735.2157     992.4751
       1.5700   -1574.8730    -503.5542     676.6047   -2337.6059    -734.4365     991.4277
       1.5800   -1598.2373    -510.8948     686.5139   -2335.2383    -733.6796     990.4102
       1.5900   -1621.5781    -518.2279     696.4131   -2332.9364    -732.9439     989.4211
       1.6000   -1644.8963    -525.5537     706.3025   -2330.6976    -732.2285     988.4592
       1.6100   -1668.1924    -532.8725     716.1824   -2328.5192    -731.5325     987.5235
       1.6200   -1691.4670    -540.1845     726.0531   -2326.3988    -730.8553     986.6129
       1.6300   -1714.7206    -547.4897     735.9148   -2324.3340    -730.1959     985.7263
       1.6400   -1737.9539    -554.7885     745.7677   -2322.3226    -729.5538     984.8627
       1.6500   -1761.1673    -562.0809     755.6121   -2320.3625    -728.9282     984.0214
       1.6600   -1784.3614    -569.3671     765.4483   -2318.4518    -728.3184     983.2013
       1.6700   -1807.5366    -576.6473     775.2763   -2316.5886    -727.7239     982.4018
       1.6800   -1830.6934    -583.9217     785.0964   -2314.7710    -727.1442     981.6220
       1.6900   -1853.8323    -591.1903     794.9088   -2312.9975    -726.5785     980.8611
       1.7000   -1876.9536    -598.4533     804.7137   -2311.2663    -726.0265     980.1186
       1.7100   -1900.0578    -605.7109     814.5113   -2309.5759    -725.4876     979.3937
       1.7200   -1923.1453    -612.9631     824.3017   -2307.9250    -724.9613     978.6857
       1.7300   -1946.2165    -620.2102     834.0851   -2306.3120    -724.4473     977.9942
       1.7400   -1969.2717    -627.4521     843.8616   -2304.7358    -723.9450     977.3184
       1.7500   -1992.3114    -634.6891     853.6315   -2303.1950    -723.4541     976.6580
       1.7600   -2015.3358    -641.9213     863.3949   -2301.6883    -722.9742     976.0122
       1.7700   -2038.3453    -649.1487     873.1518   -2300.2148    -722.5049     975.3808
       1.7800   -2061.3402    -656.3714     882.9025   -2298.7732    -722.0458     974.7631
       1.7900   -2084.3209    -663.5896     892.6471   -2297.3625    -721.5967     974.1587
       1.8000   -2107.2876    -670.8034     902.3858   -2295.9818    -721.1571     973.5672
       1.8100   -2130.2407    -678.0128     912.1186   -2294.6300    -720.7268     972.9882
       1.8200   -2153.1804    -685.2180     921.8456   -2293.3063    -720.3055     972.4212
       1.8300   -2176.1070    -692.4190     931.5670   -2292.0097    -719.8930     971.8660
       1.8400   -2199.0207    -699.6159     941.2830   -2290.7395    -719.4888     971.3220
       1.8500   -2221.9219    -706.8088     950.9935   -2289.4948    -719.0928     970.7891
       1.8600   -2244.8107    -713.9978     960.6988   -2288.2748    -718.7048     970.2668
       1.8700   -2267.6875    -721.1829     970.3989   -2287.0788    -718.3244     969.7548
       1.8800   -2290.5524    -728.3643     980.0940   -2285.9061    -717.9514     969.2528
       1.8900   -2313.4057    -735.5420     989.7840   -2284.7559    -717.5858     968.7606
       1.9000   -2336.2477    -742.7161     999.4692   -2283.6278    -717.2271     968.2778
       1.9100   -2359.0784    -749.8866    1009.1496   -2282.5209    -716.8752     967.8041
       1.9200   -2381.8982    -757.0536    1018.8253   -2281.4347    -716.5300     967.3394
       1.9300   -2404.7072    -764.2172    1028.4965   -2280.3687    -716.1912     966.8833
       1.9400   -2427.5056    -771.3774    1038.1630   -2279.3222    -715.8586     966.4356
       1.9500   -2450.2937    -778.5344    1047.8252   -2278.2947    -715.5321     965.9960
       1.9600   -2473.0716    -785.6881    1057.4830   -2277.2857    -715.2115     965.5645
       1.9700   -2495.8395    -792.8387    1067.1365   -2276.2947    -714.8967     965.1406
       1.9800   -2518.5976    -799.9861    1076.7859   -2275.3212    -714.5875     964.7243
       1.9900   -2541.3460    -807.1304    1086.4311   -2274.3648    -714.2837     964.3152
       2.0000   -2564.0850    -814.2718    1096.0722   -2273.4249    -713.9852     963.9133
       2.0100   -2586.8146    -821.4102    1105.7094   -2272.5011    -713.6919     963.5184
       2.0200   -2609.5351    -828.5456    1115.3426   -2271.5931    -713.4036     963.1302
       2.0300   -2632.2466    -835.6783    1124.9720   -2270.7005    -713.1202     962.7485
       2.0400   -2654.9492    -842.8081    1134.5976   -2269.8227    -712.8415     962.3733
       2.0500   -2677.6431    -849.9351    1144.2195   -2268.9596    -712.5675     962.0044
       2.0600   -2700.3284    -857.0594    1153.8377   -2268.1106    -712.2980     961.6415
       2.0700   -2723.0054    -864.1811    1163.4524   -2267.2755    -712.0330     961.2846
       2.0800   -2745.6740    -871.3001    1173.0634   -2266.4538    -711.7722     960.9334
       2.0900   -2768.3345    -878.4166    1182.6710   -2265.6454    -711.5157     960.5879
       2.1000   -2790.9870    -885.5305    1192.2752   -2264.8498    -711.2633     960.2480
       2.1100   -2813.6316    -892.6419    1201.8760   -2264.0667    -711.0148     959.9134
       2.1200   -2836.2684    -899.7508    1211.4735   -2263.2959    -710.7703     959.5841
       2.1300   -2858.8975    -906.8573    1221.0677   -2262.5370    -710.5296     959.2598
       2.1400   -2881.5192    -913.9614    1230.6587   -2261.7898    -710.2926     958.9406
       2.1500   -2904.1334    -921.0631    1240.2466   -2261.0541    -710.0592     958.6263
       2.1600   -2926.7403    -928.1626    1249.8313   -2260.3294    -709.8294     958.3168
       2.1700   -2949.3400    -935.2597    1259.4129   -2259.6157    -709.6030     958.0120
       2.1800   -2971.9327    -942.3547    1268.9916   -2258.9126    -709.3801     957.7117
       2.1900   -2994.5183    -949.4474    1278.5672   -2258.2199    -709.1605     957.4158
       2.2000   -3017.0971    -956.5379    1288.1399   -2257.5374    -708.9441     957.1243
       2.2100   -3039.6691    -963.6263    1297.7097   -2256.8648    -708.7308     956.8371
       2.2200   -3062.2345    -970.7125    1307.2767   -2256.2019    -708.5207     956.5541
       2.2300   -3084.7932    -977.7967    1316.8408   -2255.5486    -708.3136     956.2751
       2.2400   -3107.3455    -984.8788    1326.4022   -2254.9046    -708.1095     956.0001
       2.2500   -3129.8914    -991.9589    1335.9608   -2254.2696    -707.9082     955.7290
       2.2600   -3152.4309    -999.0370    1345.5168   -2253.6436    -707.7098     955.4618
       2.2700   -3174.9643   -1006.1131    1355.0701   -2253.0263    -707.5142     955.1983
       2.2800   -3197.4915   -1013.1873    1364.6208   -2252.4176    -707.3213     954.9384
       2.2900   -3220.0127   -1020.2595    1374.1689   -2251.8172    -707.1311     954.6821
       2.3000   -3242.5279   -1027.3299    1383.7144   -2251.2250    -706.9434     954.4293
       2.3100   -3265.0372   -1034.3984    1393.2575   -2250.6408    -706.7584     954.1800
       2.3200   -3287.5407   -1041.4651    1402.7980   -2250.0645    -706.5758     953.9340
       2.3300   -3310.0385   -1048.5300    1412.3362   -2249.4959    -706.3957     953.6913
       2.3400   -3332.5307   -1055.5930    1421.8719   -2248.9348    -706.2179     953.4519
       2.3500   -3355.0173   -1062.6543    1431.4052   -2248.3811    -706.0426     953.2156
       2.3600   -3377.4984   -1069.7139    1440.9362   -2247.8347    -705.8695     952.9824
       2.3700   -3399.9740   -1076.7717    1450.4649   -2247.2953    -705.6987     952.7523
       2.3800   -3422.4443   -1083.8279    1459.9913   -2246.7630    -705.5301     952.5251
       2.3900   -3444.9093   -1090.8823    1469.5154   -2246.2374    -705.3636     952.3009
       2.4000   -3467.3691   -1097.9352    1479.0373   -2245.7186    -705.1993     952.0795
       2.4100   -3489.8237   -1104.9863    1488.5570   -2245.2063    -705.0371     951.8610
       2.4200   -3512.2732   -1112.0359    1498.0745   -2244.7004    -704.8770     951.6452
       2.4300   -3534.7177   -1119.0839    1507.5899   -2244.2009    -704.7188     951.4321
       2.4400   -3557.1573   -1126.1303    1517.1032   -2243.7076    -704.5626     951.2216
       2.4500   -3579.5919   -1133.1752    1526.6144   -2243.2203    -704.4084     951.0138
       2.4600   -3602.0217   -1140.2185    1536.1235   -2242.7390    -704.2560     950.8085
       2.4700   -3624.4467   -1147.2603    1545.6306   -2242.2636    -704.1055     950.6057
       2.4800   -3646.8670   -1154.3006    1555.1356   -2241.7940    -703.9569     950.4054
       2.4900   -3669.2826   -1161.3394    1564.6387   -2241.3300    -703.8100     950.2075
       2.5000   -3691.6937   -1168.3768    1574.1398   -2240.8715    -703.6649     950.0119
       2.5100   -3714.1001   -1175.4127    1583.6389   -2240.4185    -703.5215     949.8187
       2.5200   -3736.5020   -1182.4472    1593.1362   -2239.9708    -703.3799     949.6278
       2.5300   -3758.8995   -1189.4803    1602.6315   -2239.5284    -703.2399     949.4392
       2.5400   -3781.2926   -1196.5120    1612.1249   -2239.0911    -703.1015     949.2527
       2.5500   -3803.6814   -1203.5424    1621.6166   -2238.6589    -702.9648     949.0684
       2.5600   -3826.0658   -1210.5714    1631.1063   -2238.2317    -702.8296     948.8862
       2.5700   -3848.4460   -1217.5990    1640.5943   -2237.8094    -702.6960     948.7062
       2.5800   -3870.8221   -1224.6253    1650.0805   -2237.3919    -702.5639     948.5282
       2.5900   -3893.1939   -1231.6503    1659.5649   -2236.9791    -702.4333     948.3522
       2.6000   -3915.5617   -1238.6740    1669.0475   -2236.5710    -702.3042     948.1782
       2.6100   -3937.9254   -1245.6964    1678.5284   -2236.1674    -702.1765     948.0061
       2.6200   -3960.2850   -1252.7175    1688.0076   -2235.7683    -702.0503     947.8360
       2.6300   -3982.6407   -1259.7374    1697.4852   -2235.3737    -701.9254     947.6677
       2.6400   -4004.9925   -1266.7560    1706.9610   -2234.9833    -701.8020     947.5013
       2.6500   -4027.3404   -1273.7734    1716.4352   -2234.5973    -701.6799     947.3368
       2.6600   -4049.6845   -1280.7896    1725.9078   -2234.2154    -701.5591     947.1740
       2.6700   -4072.0248   -1287.8046    1735.3787   -2233.8377    -701.4396     947.0130
       2.6800   -4094.3613   -1294.8184    1744.8480   -2233.4641    -701.3215     946.8537
       2.6900   -4116.6941   -1301.8310    1754.3158   -2233.0944    -701.2046     946.6962
       2.7000   -4139.0232   -1308.8425    1763.7820   -2232.7287    -701.0889     946.5403
       2.7100   -4161.3487   -1315.8528    1773.2466   -2232.3668    -700.9745     946.3861
       2.7200   -4183.6705   -1322.8620    1782.7097   -2232.0088    -700.8613     946.2335
       2.7300   -4205.9888   -1329.8701    1792.1713   -2231.6545    -700.7492     946.0825
       2.7400   -4228.3036   -1336.8770    1801.6313   -2231.3038    -700.6384     945.9331
       2.7500   -4250.6149   -1343.8828    1811.0899   -2230.9568    -700.5287     945.7852
       2.7600   -4272.9228   -1350.8876    1820.5471   -2230.6134    -700.4201     945.6389
       2.7700   -4295.2272   -1357.8912    1830.0027   -2230.2735    -700.3126     945.4940
       2.7800   -4317.5283   -1364.8938    1839.4569   -2229.9371    -700.2063     945.3507
       2.7900   -4339.8260   -1371.8954    1848.9097   -2229.6041    -700.1010     945.2088
       2.8000   -4362.1204   -1378.8959    1858.3611   -2229.2744    -699.9968     945.0683
       2.8100   -4384.4115   -1385.8953    1867.8111   -2228.9481    -699.8936     944.9292
       2.8200   -4406.6994   -1392.8937    1877.2597   -2228.6250    -699.7915     944.7916
       2.8300   -4428.9840   -1399.8911    1886.7070   -2228.3051    -699.6904     944.6553
       2.8400   -4451.2655   -1406.8875    1896.1528   -2227.9884    -699.5903     944.5203
       2.8500   -4473.5438   -1413.8830    1905.5974   -2227.6748    -699.4912     944.3867
       2.8600   -4495.8190   -1420.8774    1915.0406   -2227.3642    -699.3930     944.2544
       2.8700   -4518.0911   -1427.8708    1924.4825   -2227.0567    -699.2958     944.1234
       2.8800   -4540.3601   -1434.8633    1933.9230   -2226.7522    -699.1996     943.9937
       2.8900   -4562.6261   -1441.8548    1943.3623   -2226.4505    -699.1043     943.8652
       2.9000   -4584.8892   -1448.8454    1952.8004   -2226.1518    -699.0099     943.7379
       2.9100   -4607.1492   -1455.8350    1962.2371   -2225.8560    -698.9164     943.6119
       2.9200   -4629.4063   -1462.8237    1971.6726   -2225.5629    -698.8238     943.4871
       2.9300   -4651.6605   -1469.8115    1981.1069   -2225.2726    -698.7321     943.3634
       2.9400   -4673.9118   -1476.7984    1990.5399   -2224.9851    -698.6412     943.2409
       2.9500   -4696.1602   -1483.7843    1999.9717   -2224.7002    -698.5512     943.1196
       2.9600   -4718.4058   -1490.7694    2009.4023   -2224.4180    -698.4620     942.9994
       2.9700   -4740.6486   -1497.7536    2018.8317   -2224.1384    -698.3737     942.8803
       2.9800   -4762.8886   -1504.7369    2028.2599   -2223.8613    -698.2862     942.7623
       2.9900   -4785.1258   -1511.7193    2037.6869   -2223.5869    -698.1995     942.6454
       3.0000   -4807.3603   -1518.7009    2047.1128   -2223.3149    -698.1135     942.5296
       3.0100   -4829.5921   -1525.6816    2056.5375   -2223.0454    -698.0284     942.4148
       3.0200   -4851.8212   -1532.6614    2065.9611   -2222.7783    -697.9440     942.3011
       3.0300   -4874.0477   -1539.6405    2075.3835   -2222.5137    -697.8604     942.1884
       3.0400   -4896.2715   -1546.6186    2084.8049   -2222.2514    -697.7776     942.0767
       3.0500   -4918.4927   -1553.5960    2094.2251   -2221.9915    -697.6955     941.9660
       3.0600   -4940.7114   -1560.5726    2103.6442   -2221.7339    -697.6141     941.8563
       3.0700   -4962.9274   -1567.5483    2113.0622   -2221.4785    -697.5335     941.7475
       3.0800   -4985.1409   -1574.5232    2122.4791   -2221.2254    -697.4535     941.6398
       3.0900   -5007.3519   -1581.4974    2131.8950   -2220.9746    -697.3743     941.5329
       3.1000   -5029.5604   -1588.4707    2141.3098   -2220.7259    -697.2957     941.4270
       3.1100   -5051.7665   -1595.4433    2150.7236   -2220.4793    -697.2179     941.3221
       3.1200   -5073.9700   -1602.4151    2160.1363   -2220.2349    -697.1407     941.2180
       3.1300   -5096.1712   -1609.3861    2169.5479   -2219.9927    -697.0642     941.1149
       3.1400   -5118.3699   -1616.3564    2178.9586   -2219.7525    -696.9883     941.0126
       3.1500   -5140.5662   -1623.3259    2188.3682   -2219.5143    -696.9131     940.9112
       3.1600   -5162.7602   -1630.2946    2197.7768   -2219.2782    -696.8386     940.8106
       3.1700   -5184.9518   -1637.2627    2207.1844   -2219.0440    -696.7646     940.7110
       3.1800   -5207.1411   -1644.2299    2216.5910   -2218.8119    -696.6913     940.6121
       3.1900   -5229.3281   -1651.1965    2225.9966   -2218.5816    -696.6186     940.5141
       3.2000   -5251.5127   -1658.1623    2235.4013   -2218.3534    -696.5465     940.4169
       3.2100   -5273.6951   -1665.1274    2244.8050   -2218.1270    -696.4750     940.3205
       3.2200   -5295.8753   -1672.0918    2254.2077   -2217.9024    -696.4042     940.2250
       3.2300   -5318.0532   -1679.0555    2263.6095   -2217.6798    -696.3339     940.1302
       3.2400   -5340.2289   -1686.0185    2273.0103   -2217.4589    -696.2641     940.0362
       3.2500   -5362.4024   -1692.9808    2282.4102   -2217.2399    -696.1950     939.9429
       3.2600   -5384.5737   -1699.9424    2291.8092   -2217.0227    -696.1264     939.8504
       3.2700   -5406.7428   -1706.9033    2301.2072   -2216.8072    -696.0584     939.7587
       3.2800   -5428.9098   -1713.8636    2310.6044   -2216.5935    -695.9909     939.6677
       3.2900   -5451.0747   -1720.8231    2320.0006   -2216.3814    -695.9240     939.5775
       3.3000   -5473.2375   -1727.7820    2329.3959   -2216.1711    -695.8576     939.4880
       3.3100   -5495.3981   -1734.7403    2338.7903   -2215.9625    -695.7917     939.3992
       3.3200   -5517.5567   -1741.6979    2348.1839   -2215.7555    -695.7264     939.3110
       3.3300   -5539.7133   -1748.6548    2357.5766   -2215.5501    -695.6615     939.2236
       3.3400   -5561.8677   -1755.6111    2366.9684   -2215.3464    -695.5972     939.1369
       3.3500   -5584.0202   -1762.5668    2376.3593   -2215.1443    -695.5334     939.0509
       3.3600   -5606.1706   -1769.5218    2385.7494   -2214.9437    -695.4701     938.9655
       3.3700   -5628.3191   -1776.4762    2395.1386   -2214.7447    -695.4073     938.8809
       3.3800   -5650.4655   -1783.4299    2404.5270   -2214.5473    -695.3450     938.7968
       3.3900   -5672.6100   -1790.3831    2413.9146   -2214.3514    -695.2832     938.7134
       3.4000   -5694.7526   -1797.3356    2423.3013   -2214.1570    -695.2218     938.6307
       3.4100   -5716.8932   -1804.2875    2432.6872   -2213.9640    -695.1609     938.5486
       3.4200   -5739.0319   -1811.2388    2442.0723   -2213.7726    -695.1005     938.4671
       3.4300   -5761.1686   -1818.1895    2451.4565   -2213.5826    -695.0405     938.3863
       3.4400   -5783.3035   -1825.1396    2460.8400   -2213.3941    -694.9810     938.3060
       3.4500   -5805.4365   -1832.0891    2470.2227   -2213.2069    -694.9220     938.2264
       3.4600   -5827.5677   -1839.0381    2479.6045   -2213.0212    -694.8634     938.1474
       3.4700   -5849.6970   -1845.9864    2488.9856   -2212.8369    -694.8052     938.0689
       3.4800   -5871.8244   -1852.9342    2498.3659   -2212.6539    -694.7475     937.9911
       3.4900   -5893.9500   -1859.8814    2507.7454   -2212.4723    -694.6902     937.9138
       3.5000   -5916.0739   -1866.8280    2517.1242   -2212.2921    -694.6333     937.8371
       3.5100   -5938.1959   -1873.7740    2526.5022   -2212.1132    -694.5768     937.7610
       3.5200   -5960.3161   -1880.7195    2535.8794   -2211.9356    -694.5208     937.6854
       3.5300   -5982.4346   -1887.6645    2545.2559   -2211.7593    -694.4652     937.6104
       3.5400   -6004.5513   -1894.6088    2554.6316   -2211.5842    -694.4099     937.5359
       3.5500   -6026.6663   -1901.5527    2564.0066   -2211.4105    -694.3551     937.4620
       3.5600   -6048.7795   -1908.4959    2573.3809   -2211.2380    -694.3007     937.3886
       3.5700   -6070.8911   -1915.4387    2582.7544   -2211.0668    -694.2467     937.3157
       3.5800   -6093.0009   -1922.3809    2592.1272   -2210.8967    -694.1930     937.2434
       3.5900   -6115.1090   -1929.3225    2601.4993   -2210.7280    -694.1398     937.1716
       3.6000   -6137.2155   -1936.2637    2610.8706   -2210.5604    -694.0869     937.1003
       3.6100   -6159.3202   -1943.2043    2620.2413   -2210.3940    -694.0344     937.0295
       3.6200   -6181.4233   -1950.1444    2629.6112   -2210.2287    -693.9823     936.9592
       3.6300   -6203.5248   -1957.0839    2638.9804   -2210.0647    -693.9305     936.8894
       3.6400   -6225.6246   -1964.0230    2648.3490   -2209.9018    -693.8791     936.8201
       3.6500   -6247.7228   -1970.9615    2657.7169   -2209.7400    -693.8281     936.7513
       3.6600   -6269.8194   -1977.8995    2667.0840   -2209.5794    -693.7774     936.6829
       3.6700   -6291.9144   -1984.8371    2676.4505   -2209.4199    -693.7271     936.6151
       3.6800   -6314.0078   -1991.7741    2685.8163   -2209.2615    -693.6771     936.5477
       3.6900   -6336.0997   -1998.7106    2695.1815   -2209.1042    -693.6275     936.4807
       3.7000   -6358.1899   -2005.6466    2704.5459   -2208.9479    -693.5782     936.4143
       3.7100   -6380.2786   -2012.5822    2713.9098   -2208.7928    -693.5293     936.3483
       3.7200   -6402.3658   -2019.5172    2723.2729   -2208.6387    -693.4807     936.2827
       3.7300   -6424.4514   -2026.4518    2732.6354   -2208.4857    -693.4324     936.2176
       3.7400   -6446.5355   -2033.3859    2741.9973   -2208.3336    -693.3844     936.1530
       3.7500   -6468.6181   -2040.3195    2751.3585   -2208.1827    -693.3368     936.0887
       3.7600   -6490.6992   -2047.2526    2760.7190   -2208.0327    -693.2895     936.0249
       3.7700   -6512.7788   -2054.1853    2770.0790   -2207.8838    -693.2425     935.9616
       3.7800   -6534.8569   -2061.1175    2779.4383   -2207.7358    -693.1959     935.8986
       3.7900   -6556.9335   -2068.0492    2788.7969   -2207.5888    -693.1495     935.8361
       3.8000   -6579.0086   -2074.9804    2798.1550   -2207.4428    -693.1035     935.7740
       3.8100   -6601.0823   -2081.9113    2807.5124   -2207.2978    -693.0577     935.7123
       3.8200   -6623.1546   -2088.8416    2816.8692   -2207.1538    -693.0123     935.6511
       3.8300   -6645.2254   -2095.7715    2826.2255   -2207.0106    -692.9672     935.5902
       3.8400   -6667.2948   -2102.7009    2835.5811   -2206.8685    -692.9223     935.5297
       3.8500   -6689.3628   -2109.6299    2844.9361   -2206.7272    -692.8778     935.4696
       3.8600   -6711.4294   -2116.5585    2854.2904   -2206.5869    -692.8335     935.4100
       3.8700   -6733.4945   -2123.4866    2863.6443   -2206.4475    -692.7896     935.3507
       3.8800   -6755.5583   -2130.4143    2872.9975   -2206.3090    -692.7459     935.2917
       3.8900   -6777.6207   -2137.3415    2882.3501   -2206.1713    -692.7025     935.2332
       3.9000   -6799.6817   -2144.2683    2891.7021   -2206.0346    -692.6594     935.1751
       3.9100   -6821.7414   -2151.1947    2901.0536   -2205.8988    -692.6165     935.1173
       3.9200   -6843.7997   -2158.1207    2910.4045   -2205.7638    -692.5740     935.0599
       3.9300   -6865.8567   -2165.0462    2919.7548   -2205.6296    -692.5317     935.0028
       3.9400   -6887.9123   -2171.9713    2929.1045   -2205.4964    -692.4896     934.9461
       3.9500   -6909.9666   -2178.8960    2938.4537   -2205.3639    -692.4479     934.8898
       3.9600   -6932.0196   -2185.8203    2947.8023   -2205.2323    -692.4064     934.8339
       3.9700   -6954.0713   -2192.7441    2957.1504   -2205.1016    -692.3651     934.7782
       3.9800   -6976.1216   -2199.6676    2966.4979   -2204.9716    -692.3242     934.7230
       3.9900   -6998.1707   -2206.5906    2975.8449   -2204.8425    -692.2835     934.6681
       4.0000   -7020.2185   -2213.5132    2985.1913   -2204.7141    -692.2430     934.6135
       4.0100   -7042.2650   -2220.4355    2994.5371   -2204.5866    -692.2028     934.5592
       4.0200   -7064.3102   -2227.3573    3003.8824   -2204.4599    -692.1628     934.5053
       4.0300   -7086.3542   -2234.2787    3013.2272   -2204.3339    -692.1231     934.4518
       4.0400   -7108.3969   -2241.1998    3022.5715   -2204.2087    -692.0836     934.3985
       4.0500   -7130.4384   -2248.1204    3031.9152   -2204.0843    -692.0444     934.3456
       4.0600   -7152.4786   -2255.0407    3041.2584   -2203.9606    -692.0054     934.2930
       4.0700   -7174.5176   -2261.9605    3050.6011   -2203.8377    -691.9667     934.2408
       4.0800   -7196.5554   -2268.8800    3059.9432   -2203.7156    -691.9281     934.1888
       4.0900   -7218.5919   -2275.7991    3069.2848   -2203.5941    -691.8899     934.1372
       4.1000   -7240.6272   -2282.7178    3078.6260   -2203.4734    -691.8518     934.0859
       4.1100   -7262.6614   -2289.6361    3087.9666   -2203.3535    -691.8140     934.0349
       4.1200   -7284.6943   -2296.5541    3097.3067   -2203.2342    -691.7764     933.9842
       4.1300   -7306.7261   -2303.4716    3106.6463   -2203.1157    -691.7390     933.9338
       4.1400   -7328.7566   -2310.3889    3115.9853   -2202.9979    -691.7019     933.8837
       4.1500   -7350.7860   -2317.3057    3125.3239   -2202.8808    -691.6650     933.8339
       4.1600   -7372.8143   -2324.2222    3134.6620   -2202.7643    -691.6283     933.7843
       4.1700   -7394.8413   -2331.1383    3143.9996   -2202.6486    -691.5918     933.7351
       4.1800   -7416.8672   -2338.0540    3153.3367   -2202.5335    -691.5555     933.6862
       4.1900   -7438.8920   -2344.9694    3162.6733   -2202.4192    -691.5195     933.6376
       4.2000   -7460.9156   -2351.8844    3172.0095   -2202.3054    -691.4836     933.5892
       4.2100   -7482.9381   -2358.7990    3181.3451   -2202.1924    -691.4480     933.5412
       4.2200   -7504.9595   -2365.7133    3190.6803   -2202.0800    -691.4125     933.4934
       4.2300   -7526.9797   -2372.6273    3200.0150   -2201.9683    -691.3773     933.4459
       4.2400   -7548.9988   -2379.5409    3209.3492   -2201.8572    -691.3423     933.3986
       4.2500   -7571.0169   -2386.4541    3218.6830   -2201.7467    -691.3075     933.3517
       4.2600   -7593.0338   -2393.3670    3228.0163   -2201.6369    -691.2729     933.3050
       4.2700   -7615.0496   -2400.2796    3237.3491   -2201.5277    -691.2385     933.2586
       4.2800   -7637.0643   -2407.1918    3246.6814   -2201.4192    -691.2042     933.2124
       4.2900   -7659.0780   -2414.1037    3256.0133   -2201.3112    -691.1702     933.1665
       4.3000   -7681.0906   -2421.0152    3265.3448   -2201.2039    -691.1364     933.1209
       4.3100   -7703.1021   -2427.9264    3274.6757   -2201.0972    -691.1028     933.0755
       4.3200   -7725.1125   -2434.8373    3284.0063   -2200.9911    -691.0693     933.0304
       4.3300   -7747.1219   -2441.7478    3293.3363   -2200.8856    -691.0361     932.9855
       4.3400   -7769.1302   -2448.6580    3302.6660   -2200.7806    -691.0030     932.9409
       4.3500   -7791.1375   -2455.5679    3311.9952   -2200.6763    -690.9701     932.8966
       4.3600   -7813.1438   -2462.4774    3321.3239   -2200.5726    -690.9374     932.8525
       4.3700   -7835.1490   -2469.3866    3330.6522   -2200.4694    -690.9049     932.8086
       4.3800   -7857.1531   -2476.2955    3339.9801   -2200.3668    -690.8726     932.7650
       4.3900   -7879.1563   -2483.2041    3349.3075   -2200.2648    -690.8404     932.7216
       4.4000   -7901.1584   -2490.1123    3358.6345   -2200.1633    -690.8084     932.6785
       4.4100   -7923.1596   -2497.0202    3367.9611   -2200.0624    -690.7766     932.6356
       4.4200   -7945.1597   -2503.9278    3377.2872   -2199.9620    -690.7450     932.5929
       4.4300   -7967.1588   -2510.8351    3386.6130   -2199.8622    -690.7135     932.5505
       4.4400   -7989.1569   -2517.7421    3395.9382   -2199.7630    -690.6823     932.5083
       4.4500   -8011.1541   -2524.6488    3405.2631   -2199.6643    -690.6511     932.4663
       4.4600   -8033.1502   -2531.5551    3414.5876   -2199.5661    -690.6202     932.4246
       4.4700   -8055.1454   -2538.4612    3423.9116   -2199.4684    -690.5894     932.3831
       4.4800   -8077.1396   -2545.3669    3433.2352   -2199.3713    -690.5588     932.3418
       4.4900   -8099.1328   -2552.2724    3442.5584   -2199.2747    -690.5284     932.3008
       4.5000   -8121.1251   -2559.1775    3451.8813   -2199.1787    -690.4981     932.2599
       4.5100   -8143.1164   -2566.0823    3461.2036   -2199.0831    -690.4680     932.2193
       4.5200   -8165.1068   -2572.9869    3470.5256   -2198.9881    -690.4381     932.1789
       4.5300   -8187.0962   -2579.8911    3479.8472   -2198.8935    -690.4083     932.1387
       4.5400   -8209.0846   -2586.7950    3489.1684   -2198.7995    -690.3786     932.0987
       4.5500   -8231.0722   -2593.6987    3498.4892   -2198.7059    -690.3492     932.0590
       4.5600   -8253.0588   -2600.6020    3507.8096   -2198.6129    -690.3198     932.0194
       4.5700   -8275.0444   -2607.5051    3517.1296   -2198.5203    -690.2907     931.9801
       4.5800   -8297.0292   -2614.4078    3526.4492   -2198.4283    -690.2617     931.9409
       4.5900   -8319.0130   -2621.3103    3535.7684   -2198.3367    -690.2328     931.9020
       4.6000   -8340.9959   -2628.2125    3545.0872   -2198.2456    -690.2041     931.8633
       4.6100   -8362.9779   -2635.1144    3554.4057   -2198.1550    -690.1755     931.8248
       4.6200   -8384.9590   -2642.0160    3563.7237   -2198.0648    -690.1471     931.7864
       4.6300   -8406.9392   -2648.9173    3573.0414   -2197.9751    -690.1189     931.7483
       4.6400   -8428.9185   -2655.8184    3582.3587   -2197.8859    -690.0908     931.7104
       4.6500   -8450.8969   -2662.7191    3591.6756   -2197.7971    -690.0628     931.6727
       4.6600   -8472.8745   -2669.6196    3600.9922   -2197.7088    -690.0350     931.6351
       4.6700   -8494.8511   -2676.5198    3610.3083   -2197.6210    -690.0073     931.5978
       4.6800   -8516.8269   -2683.4198    3619.6241   -2197.5336    -689.9797     931.5606
       4.6900   -8538.8018   -2690.3194    3628.9395   -2197.4466    -689.9523     931.5237
       4.7000   -8560.7758   -2697.2188    3638.2546   -2197.3601    -689.9251     931.4869
       4.7100   -8582.7490   -2704.1179    3647.5693   -2197.2740    -689.8980     931.4503
       4.7200   -8604.7213   -2711.0168    3656.8836   -2197.1884    -689.8710     931.4139
       4.7300   -8626.6927   -2717.9153    3666.1976   -2197.1032    -689.8441     931.3777
       4.7400   -8648.6634   -2724.8137    3675.5111   -2197.0184    -689.8174     931.3417
       4.7500   -8670.6331   -2731.7117    3684.8244   -2196.9341    -689.7909     931.3058
       4.7600   -8692.6020   -2738.6095    3694.1373   -2196.8501    -689.7644     931.2702
       4.7700   -8714.5701   -2745.5070    3703.4498   -2196.7666    -689.7381     931.2347
       4.7800   -8736.5374   -2752.4042    3712.7620   -2196.6835    -689.7119     931.1994
       4.7900   -8758.5038   -2759.3012    3722.0738   -2196.6009    -689.6859     931.1642
       4.8000   -8780.4694   -2766.1980    3731.3852   -2196.5186    -689.6600     931.1293
       4.8100   -8802.4342   -2773.0944    3740.6964   -2196.4368    -689.6342     931.0945
       4.8200   -8824.3981   -2779.9906    3750.0071   -2196.3553    -689.6085     931.0599
       4.8300   -8846.3613   -2786.8866    3759.3176   -2196.2743    -689.5830     931.0254
       4.8400   -8868.3236   -2793.7823    3768.6276   -2196.1936    -689.5576     930.9912
       4.8500   -8890.2852   -2800.6778    3777.9374   -2196.1134    -689.5323     930.9571
       4.8600   -8912.2459   -2807.5729    3787.2468   -2196.0335    -689.5072     930.9231
       4.8700   -8934.2058   -2814.4679    3796.5559   -2195.9540    -689.4821     930.8893
       4.8800   -8956.1650   -2821.3626    3805.8646   -2195.8750    -689.4572     930.8557
       4.8900   -8978.1233   -2828.2570    3815.1730   -2195.7963    -689.4324     930.8223
       4.9000   -9000.0809   -2835.1512    3824.4810   -2195.7179    -689.4077     930.7890
       4.9100   -9022.0377   -2842.0452    3833.7887   -2195.6400    -689.3832     930.7559
       4.9200   -9043.9937   -2848.9389    3843.0961   -2195.5625    -689.3588     930.7229
       4.9300   -9065.9489   -2855.8324    3852.4032   -2195.4853    -689.3345     930.6901
       4.9400   -9087.9034   -2862.7256    3861.7099   -2195.4084    -689.3103     930.6575
       4.9500   -9109.8571   -2869.6186    3871.0164   -2195.3320    -689.2862     930.6250
       4.9600   -9131.8100   -2876.5113    3880.3224   -2195.2559    -689.2622     930.5927
       4.9700   -9153.7622   -2883.4038    3889.6282   -2195.1802    -689.2384     930.5605
       4.9800   -9175.7137   -2890.2961    3898.9337   -2195.1048    -689.2146     930.5285
       4.9900   -9197.6643   -2897.1881    3908.2388   -2195.0298    -689.1910     930.4966
       5.0000   -9219.6143   -2904.0799    3917.5436   -2194.9552    -689.1675     930.4649
       5.0100   -9241.5634   -2910.9715    3926.8481   -2194.8809    -689.1441     930.4333
       5.0200   -9263.5119   -2917.8628    3936.1523   -2194.8069    -689.1208     930.4019
       5.0300   -9285.4596   -2924.7539    3945.4561   -2194.7333    -689.0976     930.3706
       5.0400   -9307.4065   -2931.6447    3954.7597   -2194.6601    -689.0745     930.3395
       5.0500   -9329.3528   -2938.5354    3964.0629   -2194.5872    -689.0516     930.3085
       5.0600   -9351.2983   -2945.4258    3973.3658   -2194.5146    -689.0287     930.2776
       5.0700   -9373.2431   -2952.3159    3982.6685   -2194.4424    -689.0059     930.2469
       5.0800   -9395.1871   -2959.2059    3991.9708   -2194.3705    -688.9833     930.2164
       5.0900   -9417.1305   -2966.0956    4001.2728   -2194.2989    -688.9608     930.1860
       5.1000   -9439.0731   -2972.9851    4010.5745   -2194.2277    -688.9383     930.1557
       5.1100   -9461.0150   -2979.8744    4019.8759   -2194.1567    -688.9160     930.1256
       5.1200   -9482.9562   -2986.7634    4029.1770   -2194.0862    -688.8938     930.0956
       5.1300   -9504.8968   -2993.6523    4038.4778   -2194.0159    -688.8716     930.0657
       5.1400   -9526.8366   -3000.5409    4047.7783   -2193.9460    -688.8496     930.0360
       5.1500   -9548.7757   -3007.4292    4057.0785   -2193.8764    -688.8277     930.0064
       5.1600   -9570.7141   -3014.3174    4066.3785   -2193.8071    -688.8059     929.9770
       5.1700   -9592.6518   -3021.2054    4075.6781   -2193.7381    -688.7841     929.9477
       5.1800   -9614.5889   -3028.0931    4084.9774   -2193.6694    -688.7625     929.9185
       5.1900   -9636.5252   -3034.9806    4094.2765   -2193.6010    -688.7410     929.8895
       5.2000   -9658.4609   -3041.8679    4103.5752   -2193.5330    -688.7195     929.8605
       5.2100   -9680.3959   -3048.7550    4112.8737   -2193.4652    -688.6982     929.8318
       5.2200   -9702.3302   -3055.6419    4122.1718   -2193.3978    -688.6770     929.8031
       5.2300   -9724.2638   -3062.5285    4131.4697   -2193.3307    -688.6558     929.7746
       5.2400   -9746.1968   -3069.4150    4140.7673   -2193.2638    -688.6348     929.7462
       5.2500   -9768.1291   -3076.3012    4150.0646   -2193.1973    -688.6138     929.7179
       5.2600   -9790.0608   -3083.1873    4159.3617   -2193.1310    -688.5929     929.6898
       5.2700   -9811.9917   -3090.0731    4168.6584   -2193.0651    -688.5722     929.6617
       5.2800   -9833.9221   -3096.9587    4177.9549   -2192.9994    -688.5515     929.6338
       5.2900   -9855.8517   -3103.8441    4187.2511   -2192.9341    -688.5309     929.6061
       5.3000   -9877.7807   -3110.7293    4196.5470   -2192.8690    -688.5104     929.5784
       5.3100   -9899.7091   -3117.6143    4205.8427   -2192.8042    -688.4900     929.5509
       5.3200   -9921.6368   -3124.4991    4215.1381   -2192.7397    -688.4697     929.5235
       5.3300   -9943.5639   -3131.3837    4224.4332   -2192.6755    -688.4495     929.4962
       5.3400   -9965.4903   -3138.2681    4233.7280   -2192.6115    -688.4293     929.4690
       5.3500   -9987.4161   -3145.1523    4243.0225   -2192.5479    -688.4093     929.4420
       5.3600  -10009.3413   -3152.0363    4252.3168   -2192.4845    -688.3893     929.4150
       5.3700  -10031.2658   -3158.9201    4261.6108   -2192.4214    -688.3695     929.3882
       5.3800  -10053.1897   -3165.8037    4270.9046   -2192.3585    -688.3497     929.3615
       5.3900  -10075.1130   -3172.6871    4280.1981   -2192.2960    -688.3300     929.3350
       5.4000  -10097.0356   -3179.5703    4289.4913   -2192.2337    -688.3103     929.3085
       5.4100  -10118.9577   -3186.4533    4298.7842   -2192.1716    -688.2908     929.2821
       5.4200  -10140.8791   -3193.3361    4308.0769   -2192.1099    -688.2714     929.2559
       5.4300  -10162.7999   -3200.2187    4317.3694   -2192.0484    -688.2520     929.2298
       5.4400  -10184.7200   -3207.1012    4326.6615   -2191.9871    -688.2327     929.2038
       5.4500  -10206.6396   -3213.9834    4335.9534   -2191.9262    -688.2135     929.1779
       5.4600  -10228.5586   -3220.8654    4345.2451   -2191.8655    -688.1944     929.1521
       5.4700  -10250.4769   -3227.7473    4354.5365   -2191.8050    -688.1754     929.1264
       5.4800  -10272.3947   -3234.6289    4363.8276   -2191.7448    -688.1564     929.1008
       5.4900  -10294.3118   -3241.5104    4373.1185   -2191.6849    -688.1375     929.0753
       5.5000  -10316.2284   -3248.3917    4382.4091   -2191.6252    -688.1187     929.0500
       5.5100  -10338.1443   -3255.2728    4391.6995   -2191.5658    -688.1000     929.0247
       5.5200  -10360.0597   -3262.1537    4400.9896   -2191.5066    -688.0814     928.9996
       5.5300  -10381.9745   -3269.0344    4410.2795   -2191.4476    -688.0628     928.9745
       5.5400  -10403.8886   -3275.9150    4419.5691   -2191.3889    -688.0444     928.9496
       5.5500  -10425.8022   -3282.7953    4428.8585   -2191.3305    -688.0259     928.9248
       5.5600  -10447.7153   -3289.6755    4438.1476   -2191.2723    -688.0076     928.9001
       5.5700  -10469.6277   -3296.5555    4447.4365   -2191.2143    -687.9894     928.8754
       5.5800  -10491.5395   -3303.4353    4456.7251   -2191.1566    -687.9712     928.8509
       5.5900  -10513.4508   -3310.3149    4466.0135   -2191.0991    -687.9531     928.8265
       5.6000  -10535.3615   -3317.1943    4475.3016   -2191.0419    -687.9351     928.8022
       5.6100  -10557.2717   -3324.0736    4484.5895   -2190.9849    -687.9171     928.7780
       5.6200  -10579.1812   -3330.9527    4493.8772   -2190.9281    -687.8993     928.7538
       5.6300  -10601.0902   -3337.8316    4503.1646   -2190.8716    -687.8815     928.7298
       5.6400  -10622.9987   -3344.7103    4512.4518   -2190.8153    -687.8637     928.7059
       5.6500  -10644.9065   -3351.5888    4521.7387   -2190.7592    -687.8461     928.6821
       5.6600  -10666.8138   -3358.4672    4531.0254   -2190.7033    -687.8285     928.6584
       5.6700  -10688.7206   -3365.3454    4540.3119   -2190.6477    -687.8110     928.6347
       5.6800  -10710.6268   -3372.2234    4549.5981   -2190.5923    -687.7935     928.6112
       5.6900  -10732.5324   -3379.1013    4558.8841   -2190.5372    -687.7762     928.5878
       5.7000  -10754.4375   -3385.9790    4568.1699   -2190.4822    -687.7589     928.5644
       5.7100  -10776.3421   -3392.8565    4577.4554   -2190.4275    -687.7416     928.5412
       5.7200  -10798.2461   -3399.7338    4586.7407   -2190.3730    -687.7245     928.5180
       5.7300  -10820.1495   -3406.6109    4596.0258   -2190.3187    -687.7074     928.4950
       5.7400  -10842.0525   -3413.4879    4605.3106   -2190.2646    -687.6904     928.4720
       5.7500  -10863.9548   -3420.3648    4614.5952   -2190.2108    -687.6734     928.4491
       5.7600  -10885.8567   -3427.2414    4623.8796   -2190.1572    -687.6565     928.4263
       5.7700  -10907.7580   -3434.1179    4633.1638   -2190.1038    -687.6397     928.4037
       5.7800  -10929.6588   -3440.9942    4642.4477   -2190.0505    -687.6230     928.3811
       5.7900  -10951.5590   -3447.8703    4651.7314   -2189.9976    -687.6063     928.3585
       5.8000  -10973.4587   -3454.7463    4661.0148   -2189.9448    -687.5897     928.3361
       5.8100  -10995.3579   -3461.6221    4670.2981   -2189.8922    -687.5731     928.3138
       5.8200  -11017.2566   -3468.4978    4679.5811   -2189.8398    -687.5566     928.2916
       5.8300  -11039.1547   -3475.3733    4688.8639   -2189.7877    -687.5402     928.2694
       5.8400  -11061.0523   -3482.2486    4698.1465   -2189.7357    -687.5238     928.2473
       5.8500  -11082.9494   -3489.1238    4707.4289   -2189.6840    -687.5076     928.2253
       5.8600  -11104.8460   -3495.9987    4716.7110   -2189.6324    -687.4913     928.2035
       5.8700  -11126.7421   -3502.8736    4725.9929   -2189.5811    -687.4752     928.1816
       5.8800  -11148.6376   -3509.7482    4735.2747   -2189.5299    -687.4591     928.1599
       5.8900  -11170.5327   -3516.6228    4744.5561   -2189.4790    -687.4430     928.1383
       5.9000  -11192.4272   -3523.4971    4753.8374   -2189.4283    -687.4270     928.1167
       5.9100  -11214.3212   -3530.3713    4763.1185   -2189.3777    -687.4111     928.0953
       5.9200  -11236.2147   -3537.2453    4772.3993   -2189.3274    -687.3953     928.0739
       5.9300  -11258.1078   -3544.1192    4781.6800   -2189.2772    -687.3795     928.0526
       5.9400  -11280.0003   -3550.9929    4790.9604   -2189.2272    -687.3638     928.0313
       5.9500  -11301.8923   -3557.8665    4800.2406   -2189.1775    -687.3481     928.0102
       5.9600  -11323.7838   -3564.7399    4809.5206   -2189.1279    -687.3325     927.9891
       5.9700  -11345.6749   -3571.6131    4818.8004   -2189.0785    -687.3169     927.9682
       5.9800  -11367.5654   -3578.4862    4828.0799   -2189.0293    -687.3015     927.9473
       5.9900  -11389.4555   -3585.3592    4837.3593   -2188.9803    -687.2860     927.9264
       6.0000  -11411.3450   -3592.2319    4846.6385   -2188.9314    -687.2707     927.9057
       6.0100  -11433.2341   -3599.1046    4855.9174   -2188.8828    -687.2553     927.8850
       6.0200  -11455.1227   -3605.9771    4865.1962   -2188.8344    -687.2401     927.8645
       6.0300  -11477.0108   -3612.8494    4874.4747   -2188.7861    -687.2249     927.8440
       6.0400  -11498.8984   -3619.7215    4883.7531   -2188.7380    -687.2098     927.8235
       6.0500  -11520.7855   -3626.5936    4893.0312   -2188.6901    -687.1947     927.8032
       6.0600  -11542.6722   -3633.4654    4902.3091   -2188.6424    -687.1797     927.7829
       6.0700  -11564.5584   -3640.3372    4911.5868   -2188.5948    -687.1647     927.7627
       6.0800  -11586.4441   -3647.2087    4920.8644   -2188.5475    -687.1498     927.7426
       6.0900  -11608.3293   -3654.0802    4930.1417   -2188.5003    -687.1349     927.7226
       6.1000  -11630.2141   -3660.9514    4939.4188   -2188.4532    -687.1201     927.7026
       6.1100  -11652.0984   -3667.8226    4948.6958   -2188.4064    -687.1054     927.6827
       6.1200  -11673.9822   -3674.6935    4957.9725   -2188.3597    -687.0907     927.6629
       6.1300  -11695.8656   -3681.5644    4967.2490   -2188.3133    -687.0761     927.6431
       6.1400  -11717.7485   -3688.4351    4976.5253   -2188.2669    -687.0615     927.6235
       6.1500  -11739.6309   -3695.3056    4985.8015   -2188.2208    -687.0470     927.6039
       6.1600  -11761.5129   -3702.1760    4995.0774   -2188.1748    -687.0325     927.5843
       6.1700  -11783.3944   -3709.0463    5004.3532   -2188.1290    -687.0181     927.5649
       6.1800  -11805.2755   -3715.9164    5013.6287   -2188.0834    -687.0037     927.5455
       6.1900  -11827.1561   -3722.7863    5022.9041   -2188.0379    -686.9894     927.5262
       6.2000  -11849.0363   -3729.6562    5032.1792   -2187.9926    -686.9751     927.5070
       6.2100  -11870.9160   -3736.5258    5041.4542   -2187.9475    -686.9609     927.4878
       6.2200  -11892.7952   -3743.3954    5050.7290   -2187.9025    -686.9468     927.4687
       6.2300  -11914.6740   -3750.2648    5060.0036   -2187.8577    -686.9327     927.4497
       6.2400  -11936.5524   -3757.1340    5069.2780   -2187.8131    -686.9186     927.4307
       6.2500  -11958.4303   -3764.0031    5078.5522   -2187.7686    -686.9046     927.4118
       6.2600  -11980.3077   -3770.8721    5087.8262   -2187.7243    -686.8907     927.3930
       6.2700  -12002.1848   -3777.7410    5097.1001   -2187.6801    -686.8768     927.3742
       6.2800  -12024.0613   -3784.6097    5106.3737   -2187.6361    -686.8629     927.3556
       6.2900  -12045.9375   -3791.4782    5115.6472   -2187.5923    -686.8491     927.3369
       6.3000  -12067.8132   -3798.3466    5124.9205   -2187.5486    -686.8354     927.3184
       6.3100  -12089.6885   -3805.2149    5134.1935   -2187.5051    -686.8217     927.2999
       6.3200  -12111.5633   -3812.0831    5143.4665   -2187.4617    -686.8080     927.2815
       6.3300  -12133.4377   -3818.9511    5152.7392   -2187.4185    -686.7944     927.2631
       6.3400  -12155.3117   -3825.8190    5162.0117   -2187.3755    -686.7809     927.2449
       6.3500  -12177.1852   -3832.6867    5171.2841   -2187.3326    -686.7674     927.2266
       6.3600  -12199.0583   -3839.5543    5180.5562   -2187.2898    -686.7539     927.2085
       6.3700  -12220.9310   -3846.4218    5189.8282   -2187.2472    -686.7405     927.1904
       6.3800  -12242.8033   -3853.2891    5199.1001   -2187.2048    -686.7272     927.1724
       6.3900  -12264.6751   -3860.1563    5208.3717   -2187.1625    -686.7138     927.1544
       6.4000  -12286.5465   -3867.0234    5217.6431   -2187.1204    -686.7006     927.1365
       6.4100  -12308.4175   -3873.8903    5226.9144   -2187.0784    -686.6874     927.1187
       6.4200  -12330.2881   -3880.7571    5236.1855   -2187.0365    -686.6742     927.1009
       6.4300  -12352.1582   -3887.6238    5245.4564   -2186.9948    -686.6611     927.0832
       6.4400  -12374.0280   -3894.4904    5254.7272   -2186.9533    -686.6480     927.0655
       6.4500  -12395.8973   -3901.3568    5263.9978   -2186.9119    -686.6350     927.0480
       6.4600  -12417.7662   -3908.2231    5273.2681   -2186.8706    -686.6220     927.0304
       6.4700  -12439.6347   -3915.0892    5282.5384   -2186.8295    -686.6090     927.0130
       6.4800  -12461.5028   -3921.9552    5291.8084   -2186.7885    -686.5961     926.9956
       6.4900  -12483.3705   -3928.8211    5301.0783   -2186.7477    -686.5833     926.9782
       6.5000  -12505.2378   -3935.6869    5310.3480   -2186.7070    -686.5705     926.9610
       6.5100  -12527.1046   -3942.5526    5319.6175   -2186.6665    -686.5577     926.9437
       6.5200  -12548.9711   -3949.4181    5328.8868   -2186.6260    -686.5450     926.9266
       6.5300  -12570.8371   -3956.2835    5338.1560   -2186.5858    -686.5323     926.9095
       6.5400  -12592.7028   -3963.1487    5347.4250   -2186.5457    -686.5197     926.8924
       6.5500  -12614.5681   -3970.0138    5356.6939   -2186.5057    -686.5071     926.8755
       6.5600  -12636.4329   -3976.8789    5365.9625   -2186.4658    -686.4946     926.8585
       6.5700  -12658.2974   -3983.7437    5375.2310   -2186.4261    -686.4821     926.8417
       6.5800  -12680.1614   -3990.6085    5384.4994   -2186.3865    -686.4696     926.8249
       6.5900  -12702.0251   -3997.4731    5393.7675   -2186.3471    -686.4572     926.8081
       6.6000  -12723.8884   -4004.3376    5403.0355   -2186.3078    -686.4448     926.7914
       6.6100  -12745.7513   -4011.2020    5412.3034   -2186.2686    -686.4325     926.7748
       6.6200  -12767.6138   -4018.0663    5421.5710   -2186.2296    -686.4202     926.7582
       6.6300  -12789.4759   -4024.9304    5430.8385   -2186.1907    -686.4080     926.7417
       6.6400  -12811.3376   -4031.7945    5440.1059   -2186.1519    -686.3958     926.7252
       6.6500  -12833.1989   -4038.6584    5449.3730   -2186.1133    -686.3836     926.7088
       6.6600  -12855.0598   -4045.5221    5458.6400   -2186.0747    -686.3715     926.6925
       6.6700  -12876.9204   -4052.3858    5467.9069   -2186.0364    -686.3594     926.6762
       6.6800  -12898.7806   -4059.2493    5477.1736   -2185.9981    -686.3474     926.6599
       6.6900  -12920.6404   -4066.1127    5486.4401   -2185.9600    -686.3354     926.6437
       6.7000  -12942.4998   -4072.9760    5495.7064   -2185.9220    -686.3234     926.6276
       6.7100  -12964.3588   -4079.8392    5504.9726   -2185.8841    -686.3115     926.6115
       6.7200  -12986.2174   -4086.7023    5514.2387   -2185.8464    -686.2996     926.5955
       6.7300  -13008.0757   -4093.5652    5523.5045   -2185.8088    -686.2878     926.5795
       6.7400  -13029.9336   -4100.4280    5532.7703   -2185.7713    -686.2760     926.5636
       6.7500  -13051.7912   -4107.2907    5542.0358   -2185.7339    -686.2643     926.5477
       6.7600  -13073.6483   -4114.1533    5551.3012   -2185.6967    -686.2525     926.5319
       6.7700  -13095.5051   -4121.0158    5560.5665   -2185.6596    -686.2409     926.5162
       6.7800  -13117.3615   -4127.8781    5569.8315   -2185.6226    -686.2292     926.5005
       6.7900  -13139.2175   -4134.7403    5579.0965   -2185.5857    -686.2176     926.4848
       6.8000  -13161.0732   -4141.6025    5588.3612   -2185.5490    -686.2060     926.4692
       6.8100  -13182.9285   -4148.4645    5597.6259   -2185.5123    -686.1945     926.4536
       6.8200  -13204.7835   -4155.3264    5606.8903   -2185.4758    -686.1830     926.4381
       6.8300  -13226.6380   -4162.1881    5616.1546   -2185.4394    -686.1716     926.4227
       6.8400  -13248.4922   -4169.0498    5625.4188   -2185.4032    -686.1602     926.4073
       6.8500  -13270.3461   -4175.9113    5634.6828   -2185.3670    -686.1488     926.3919
       6.8600  -13292.1996   -4182.7728    5643.9466   -2185.3310    -686.1375     926.3766
       6.8700  -13314.0527   -4189.6341    5653.2103   -2185.2951    -686.1262     926.3614
       6.8800  -13335.9055   -4196.4953    5662.4738   -2185.2593    -686.1149     926.3462
       6.8900  -13357.7579   -4203.3564    5671.7372   -2185.2236    -686.1037     926.3310
       6.9000  -13379.6100   -4210.2174    5681.0005   -2185.1881    -686.0925     926.3159
       6.9100  -13401.4617   -4217.0782    5690.2635   -2185.1526    -686.0813     926.3009
       6.9200  -13423.3130   -4223.9390    5699.5265   -2185.1173    -686.0702     926.2859
       6.9300  -13445.1640   -4230.7996    5708.7893   -2185.0821    -686.0591     926.2709
       6.9400  -13467.0147   -4237.6602    5718.0519   -2185.0470    -686.0481     926.2560
       6.9500  -13488.8650   -4244.5206    5727.3144   -2185.0120    -686.0371     926.2412
       6.9600  -13510.7149   -4251.3809    5736.5767   -2184.9771    -686.0261     926.2264
       6.9700  -13532.5645   -4258.2411    5745.8389   -2184.9423    -686.0152     926.2116
       6.9800  -13554.4137   -4265.1012    5755.1009   -2184.9077    -686.0043     926.1969
       6.9900  -13576.2627   -4271.9612    5764.3628   -2184.8731    -685.9934     926.1822
       7.0000  -13598.1112   -4278.8211    5773.6246   -2184.8387    -685.9826     926.1676
       7.0100  -13619.9594   -4285.6809    5782.8862   -2184.8044    -685.9718     926.1530
       7.0200  -13641.8073   -4292.5405    5792.1477   -2184.7702    -685.9610     926.1385
       7.0300  -13663.6548   -4299.4001    5801.4090   -2184.7361    -685.9503     926.1240
       7.0400  -13685.5020   -4306.2595    5810.6701   -2184.7021    -685.9396     926.1096
       7.0500  -13707.3489   -4313.1189    5819.9312   -2184.6682    -685.9289     926.0952
       7.0600  -13729.1954   -4319.9781    5829.1920   -2184.6344    -685.9183     926.0809
       7.0700  -13751.0416   -4326.8372    5838.4528   -2184.6007    -685.9077     926.0666
       7.0800  -13772.8874   -4333.6963    5847.7134   -2184.5672    -685.8971     926.0523
       7.0900  -13794.7329   -4340.5552    5856.9738   -2184.5337    -685.8866     926.0381
       7.1000  -13816.5781   -4347.4140    5866.2341   -2184.5004    -685.8761     926.0239
       7.1100  -13838.4229   -4354.2727    5875.4943   -2184.4671    -685.8656     926.0098
       7.1200  -13860.2674   -4361.1313    5884.7543   -2184.4340    -685.8552     925.9957
       7.1300  -13882.1116   -4367.9898    5894.0142   -2184.4009    -685.8448     925.9817
       7.1400  -13903.9554   -4374.8482    5903.2740   -2184.3680    -685.8344     925.9677
       7.1500  -13925.7990   -4381.7065    5912.5336   -2184.3352    -685.8241     925.9538
       7.1600  -13947.6421   -4388.5647    5921.7930   -2184.3024    -685.8138     925.9399
       7.1700  -13969.4850   -4395.4228    5931.0524   -2184.2698    -685.8035     925.9260
       7.1800  -13991.3275   -4402.2807    5940.3116   -2184.2373    -685.7933     925.9122
       7.1900  -14013.1697   -4409.1386    5949.5706   -2184.2048    -685.7831     925.8985
       7.2000  -14035.0116   -4415.9964    5958.8295   -2184.1725    -685.7729     925.8847
       7.2100  -14056.8532   -4422.8541    5968.0883   -2184.1403    -685.7628     925.8710
       7.2200  -14078.6944   -4429.7117    5977.3470   -2184.1081    -685.7527     925.8574
       7.2300  -14100.5354   -4436.5691    5986.6055   -2184.0761    -685.7426     925.8438
       7.2400  -14122.3760   -4443.4265    5995.8638   -2184.0442    -685.7326     925.8302
       7.2500  -14144.2162   -4450.2838    6005.1221   -2184.0124    -685.7225     925.8167
       7.2600  -14166.0562   -4457.1410    6014.3802   -2183.9806    -685.7126     925.8033
       7.2700  -14187.8959   -4463.9980    6023.6381   -2183.9490    -685.7026     925.7898
       7.2800  -14209.7352   -4470.8550    6032.8960   -2183.9174    -685.6927     925.7764
       7.2900  -14231.5742   -4477.7119    6042.1537   -2183.8860    -685.6828     925.7631
       7.3000  -14253.4129   -4484.5687    6051.4112   -2183.8547    -685.6729     925.7498
       7.3100  -14275.2513   -4491.4254    6060.6687   -2183.8234    -685.6631     925.7365
       7.3200  -14297.0894   -4498.2819    6069.9260   -2183.7922    -685.6533     925.7233
       7.3300  -14318.9271   -4505.1384    6079.1831   -2183.7612    -685.6435     925.7101
       7.3400  -14340.7646   -4511.9948    6088.4402   -2183.7302    -685.6338     925.6969
       7.3500  -14362.6018   -4518.8511    6097.6971   -2183.6993    -685.6241     925.6838
       7.3600  -14384.4386   -4525.7073    6106.9538   -2183.6686    -685.6144     925.6708
       7.3700  -14406.2751   -4532.5634    6116.2105   -2183.6379    -685.6047     925.6577
       7.3800  -14428.1113   -4539.4194    6125.4670   -2183.6073    -685.5951     925.6447
       7.3900  -14449.9473   -4546.2753    6134.7234   -2183.5768    -685.5855     925.6318
       7.4000  -14471.7829   -4553.1311    6143.9796   -2183.5464    -685.5759     925.6189
       7.4100  -14493.6182   -4559.9868    6153.2357   -2183.5160    -685.5664     925.6060
       7.4200  -14515.4532   -4566.8424    6162.4917   -2183.4858    -685.5569     925.5932
       7.4300  -14537.2879   -4573.6979    6171.7476   -2183.4557    -685.5474     925.5804
       7.4400  -14559.1223   -4580.5534    6181.0033   -2183.4256    -685.5379     925.5676
       7.4500  -14580.9564   -4587.4087    6190.2590   -2183.3956    -685.5285     925.5549
       7.4600  -14602.7902   -4594.2639    6199.5144   -2183.3658    -685.5191     925.5422
       7.4700  -14624.6237   -4601.1191    6208.7698   -2183.3360    -685.5097     925.5296
       7.4800  -14646.4570   -4607.9741    6218.0250   -2183.3063    -685.5004     925.5170
       7.4900  -14668.2899   -4614.8291    6227.2801   -2183.2767    -685.4911     925.5044
       7.5000  -14690.1225   -4621.6840    6236.5351   -2183.2472    -685.4818     925.4919
       7.5100  -14711.9548   -4628.5387    6245.7900   -2183.2177    -685.4725     925.4794
       7.5200  -14733.7868   -4635.3934    6255.0447   -2183.1884    -685.4633     925.4669
       7.5300  -14755.6186   -4642.2480    6264.2993   -2183.1591    -685.4541     925.4545
       7.5400  -14777.4500   -4649.1025    6273.5538   -2183.1300    -685.4449     925.4421
       7.5500  -14799.2812   -4655.9569    6282.8082   -2183.1009    -685.4358     925.4298
       7.5600  -14821.1120   -4662.8112    6292.0624   -2183.0719    -685.4266     925.4174
       7.5700  -14842.9426   -4669.6654    6301.3165   -2183.0430    -685.4175     925.4052
       7.5800  -14864.7729   -4676.5196    6310.5705   -2183.0141    -685.4085     925.3929
       7.5900  -14886.6029   -4683.3736    6319.8244   -2182.9854    -685.3994     925.3807
       7.6000  -14908.4326   -4690.2275    6329.0781   -2182.9567    -685.3904     925.3686
       7.6100  -14930.2620   -4697.0814    6338.3317   -2182.9282    -685.3814     925.3564
       7.6200  -14952.0912   -4703.9352    6347.5852   -2182.8997    -685.3725     925.3443
       7.6300  -14973.9200   -4710.7889    6356.8386   -2182.8712    -685.3635     925.3323
       7.6400  -14995.7486   -4717.6424    6366.0919   -2182.8429    -685.3546     925.3202
       7.6500  -15017.5769   -4724.4959    6375.3450   -2182.8147    -685.3457     925.3082
       7.6600  -15039.4049   -4731.3494    6384.5981   -2182.7865    -685.3369     925.2963
       7.6700  -15061.2326   -4738.2027    6393.8510   -2182.7584    -685.3280     925.2844
       7.6800  -15083.0601   -4745.0559    6403.1037   -2182.7304    -685.3192     925.2725
       7.6900  -15104.8872   -4751.9091    6412.3564   -2182.7025    -685.3104     925.2606
       7.7000  -15126.7141   -4758.7621    6421.6090   -2182.6746    -685.3017     925.2488
       7.7100  -15148.5407   -4765.6151    6430.8614   -2182.6469    -685.2929     925.2370
       7.7200  -15170.3671   -4772.4680    6440.1137   -2182.6192    -685.2842     925.2253
       7.7300  -15192.1931   -4779.3208    6449.3659   -2182.5916    -685.2755     925.2135
       7.7400  -15214.0189   -4786.1735    6458.6180   -2182.5641    -685.2669     925.2018
       7.7500  -15235.8444   -4793.0261    6467.8699   -2182.5366    -685.2582     925.1902
       7.7600  -15257.6696   -4799.8787    6477.1218   -2182.5092    -685.2496     925.1786
       7.7700  -15279.4946   -4806.7311    6486.3735   -2182.4820    -685.2411     925.1670
       7.7800  -15301.3193   -4813.5835    6495.6251   -2182.4547    -685.2325     925.1554
       7.7900  -15323.1437   -4820.4358    6504.8766   -2182.4276    -685.2240     925.1439
       7.8000  -15344.9678   -4827.2880    6514.1280   -2182.4005    -685.2154     925.1324
       7.8100  -15366.7917   -4834.1401    6523.3793   -2182.3736    -685.2070     925.1210
       7.8200  -15388.6153   -4840.9921    6532.6304   -2182.3466    -685.1985     925.1095
       7.8300  -15410.4386   -4847.8440    6541.8814   -2182.3198    -685.1900     925.0982
       7.8400  -15432.2617   -4854.6959    6551.1324   -2182.2931    -685.1816     925.0868
       7.8500  -15454.0845   -4861.5477    6560.3832   -2182.2664    -685.1732     925.0755
       7.8600  -15475.9070   -4868.3994    6569.6339   -2182.2398    -685.1649     925.0642
       7.8700  -15497.7293   -4875.2510    6578.8845   -2182.2132    -685.1565     925.0529
       7.8800  -15519.5513   -4882.1025    6588.1349   -2182.1868    -685.1482     925.0417
       7.8900  -15541.3730   -4888.9539    6597.3853   -2182.1604    -685.1399     925.0305
       7.9000  -15563.1945   -4895.8053    6606.6355   -2182.1341    -685.1316     925.0193
       7.9100  -15585.0157   -4902.6566    6615.8857   -2182.1079    -685.1234     925.0082
       7.9200  -15606.8366   -4909.5078    6625.1357   -2182.0817    -685.1151     924.9971
       7.9300  -15628.6573   -4916.3589    6634.3856   -2182.0556    -685.1069     924.9860
       7.9400  -15650.4777   -4923.2099    6643.6354   -2182.0296    -685.0988     924.9749
       7.9500  -15672.2979   -4930.0609    6652.8851   -2182.0036    -685.0906     924.9639
       7.9600  -15694.1178   -4936.9117    6662.1347   -2181.9778    -685.0825     924.9530
       7.9700  -15715.9375   -4943.7625    6671.3842   -2181.9520    -685.0743     924.9420
       7.9800  -15737.7569   -4950.6132    6680.6336   -2181.9262    -685.0662     924.9311
       7.9900  -15759.5760   -4957.4638    6689.8828   -2181.9006    -685.0582     924.9202
       8.0000  -15781.3949   -4964.3144    6699.1320   -2181.8750    -685.0501     924.9093
       8.0100  -15803.2135   -4971.1648    6708.3810   -2181.8495    -685.0421     924.8985
       8.0200  -15825.0319   -4978.0152    6717.6299   -2181.8240    -685.0341     924.8877
       8.0300  -15846.8500   -4984.8655    6726.8787   -2181.7987    -685.0261     924.8769
       8.0400  -15868.6678   -4991.7157    6736.1275   -2181.7733    -685.0181     924.8662
       8.0500  -15890.4854   -4998.5659    6745.3761   -2181.7481    -685.0102     924.8555
       8.0600  -15912.3028   -5005.4159    6754.6246   -2181.7229    -685.0023     924.8448
       8.0700  -15934.1199   -5012.2659    6763.8730   -2181.6978    -684.9944     924.8341
       8.0800  -15955.9368   -5019.1158    6773.1213   -2181.6728    -684.9865     924.8235
       8.0900  -15977.7534   -5025.9656    6782.3694   -2181.6478    -684.9787     924.8129
       8.1000  -15999.5697   -5032.8154    6791.6175   -2181.6229    -684.9708     924.8023
       8.1100  -16021.3858   -5039.6651    6800.8655   -2181.5981    -684.9630     924.7918
       8.1200  -16043.2017   -5046.5147    6810.1133   -2181.5733    -684.9552     924.7813
       8.1300  -16065.0173   -5053.3642    6819.3611   -2181.5486    -684.9475     924.7708
       8.1400  -16086.8327   -5060.2136    6828.6088   -2181.5240    -684.9397     924.7603
       8.1500  -16108.6478   -5067.0630    6837.8563   -2181.4995    -684.9320     924.7499
       8.1600  -16130.4626   -5073.9122    6847.1038   -2181.4750    -684.9243     924.7395
       8.1700  -16152.2773   -5080.7615    6856.3511   -2181.4505    -684.9166     924.7291
       8.1800  -16174.0917   -5087.6106    6865.5983   -2181.4262    -684.9089     924.7188
       8.1900  -16195.9058   -5094.4596    6874.8455   -2181.4019    -684.9013     924.7085
       8.2000  -16217.7197   -5101.3086    6884.0925   -2181.3776    -684.8937     924.6982
       8.2100  -16239.5333   -5108.1575    6893.3394   -2181.3535    -684.8861     924.6879
       8.2200  -16261.3468   -5115.0063    6902.5863   -2181.3294    -684.8785     924.6777
       8.2300  -16283.1599   -5121.8551    6911.8330   -2181.3053    -684.8709     924.6675
       8.2400  -16304.9729   -5128.7037    6921.0796   -2181.2813    -684.8634     924.6573
       8.2500  -16326.7856   -5135.5523    6930.3261   -2181.2574    -684.8559     924.6472
       8.2600  -16348.5980   -5142.4009    6939.5726   -2181.2336    -684.8484     924.6370
       8.2700  -16370.4102   -5149.2493    6948.8189   -2181.2098    -684.8409     924.6269
       8.2800  -16392.2222   -5156.0977    6958.0651   -2181.1861    -684.8334     924.6169
       8.2900  -16414.0340   -5162.9460    6967.3112   -2181.1624    -684.8260     924.6068
       8.3000  -16435.8455   -5169.7942    6976.5572   -2181.1388    -684.8186     924.5968
       8.3100  -16457.6567   -5176.6423    6985.8032   -2181.1153    -684.8111     924.5868
       8.3200  -16479.4678   -5183.4904    6995.0490   -2181.0918    -684.8038     924.5769
       8.3300  -16501.2786   -5190.3384    7004.2947   -2181.0684    -684.7964     924.5669
       8.3400  -16523.0891   -5197.1863    7013.5403   -2181.0450    -684.7891     924.5570
       8.3500  -16544.8995   -5204.0342    7022.7858   -2181.0218    -684.7817     924.5471
       8.3600  -16566.7096   -5210.8820    7032.0313   -2180.9985    -684.7744     924.5373
       8.3700  -16588.5194   -5217.7297    7041.2766   -2180.9754    -684.7671     924.5274
       8.3800  -16610.3291   -5224.5773    7050.5218   -2180.9523    -684.7599     924.5176
       8.3900  -16632.1385   -5231.4249    7059.7669   -2180.9292    -684.7526     924.5078
       8.4000  -16653.9477   -5238.2724    7069.0120   -2180.9062    -684.7454     924.4981
       8.4100  -16675.7566   -5245.1198    7078.2569   -2180.8833    -684.7382     924.4884
       8.4200  -16697.5653   -5251.9671    7087.5017   -2180.8604    -684.7310     924.4786
       8.4300  -16719.3738   -5258.8144    7096.7465   -2180.8376    -684.7238     924.4690
       8.4400  -16741.1821   -5265.6616    7105.9911   -2180.8149    -684.7167     924.4593
       8.4500  -16762.9901   -5272.5088    7115.2357   -2180.7922    -684.7095     924.4497
       8.4600  -16784.7979   -5279.3558    7124.4801   -2180.7696    -684.7024     924.4401
       8.4700  -16806.6055   -5286.2028    7133.7245   -2180.7470    -684.6953     924.4305
       8.4800  -16828.4129   -5293.0497    7142.9687   -2180.7245    -684.6882     924.4209
       8.4900  -16850.2200   -5299.8966    7152.2129   -2180.7020    -684.6812     924.4114
       8.5000  -16872.0269   -5306.7433    7161.4569   -2180.6796    -684.6741     924.4019
       8.5100  -16893.8336   -5313.5900    7170.7009   -2180.6573    -684.6671     924.3924
       8.5200  -16915.6401   -5320.4367    7179.9448   -2180.6350    -684.6601     924.3830
       8.5300  -16937.4463   -5327.2832    7189.1886   -2180.6128    -684.6531     924.3735
       8.5400  -16959.2523   -5334.1297    7198.4323   -2180.5906    -684.6461     924.3641
       8.5500  -16981.0581   -5340.9762    7207.6759   -2180.5685    -684.6392     924.3547
       8.5600  -17002.8637   -5347.8225    7216.9194   -2180.5465    -684.6322     924.3454
       8.5700  -17024.6690   -5354.6688    7226.1628   -2180.5245    -684.6253     924.3360
       8.5800  -17046.4742   -5361.5150    7235.4061   -2180.5025    -684.6184     924.3267
       8.5900  -17068.2791   -5368.3612    7244.6493   -2180.4806    -684.6115     924.3174
       8.6000  -17090.0838   -5375.2073    7253.8924   -2180.4588    -684.6047     924.3082
       8.6100  -17111.8883   -5382.0533    7263.1355   -2180.4370    -684.5978     924.2989
       8.6200  -17133.6925   -5388.8992    7272.3784   -2180.4153    -684.5910     924.2897
       8.6300  -17155.4966   -5395.7451    7281.6213   -2180.3937    -684.5842     924.2805
       8.6400  -17177.3004   -5402.5909    7290.8640   -2180.3720    -684.5774     924.2713
       8.6500  -17199.1040   -5409.4366    7300.1067   -2180.3505    -684.5706     924.2622
       8.6600  -17220.9074   -5416.2823    7309.3493   -2180.3290    -684.5638     924.2531
       8.6700  -17242.7106   -5423.1279    7318.5917   -2180.3075    -684.5571     924.2440
       8.6800  -17264.5136   -5429.9735    7327.8341   -2180.2862    -684.5504     924.2349
       8.6900  -17286.3163   -5436.8189    7337.0764   -2180.2648    -684.5437     924.2258
       8.7000  -17308.1189   -5443.6643    7346.3187   -2180.2435    -684.5370     924.2168
       8.7100  -17329.9212   -5450.5097    7355.5608   -2180.2223    -684.5303     924.2078
       8.7200  -17351.7233   -5457.3549    7364.8028   -2180.2011    -684.5236     924.1988
       8.7300  -17373.5252   -5464.2001    7374.0448   -2180.1800    -684.5170     924.1898
       8.7400  -17395.3269   -5471.0453    7383.2866   -2180.1589    -684.5103     924.1809
       8.7500  -17417.1284   -5477.8903    7392.5284   -2180.1379    -684.5037     924.1719
       8.7600  -17438.9297   -5484.7354    7401.7700   -2180.1169    -684.4971     924.1630
       8.7700  -17460.7307   -5491.5803    7411.0116   -2180.0960    -684.4906     924.1542
       8.7800  -17482.5316   -5498.4252    7420.2531   -2180.0752    -684.4840     924.1453
       8.7900  -17504.3322   -5505.2700    7429.4945   -2180.0543    -684.4775     924.1365
       8.8000  -17526.1327   -5512.1147    7438.7359   -2180.0336    -684.4709     924.1277
       8.8100  -17547.9329   -5518.9594    7447.9771   -2180.0129    -684.4644     924.1189
       8.8200  -17569.7329   -5525.8040    7457.2182   -2179.9922    -684.4579     924.1101
       8.8300  -17591.5327   -5532.6485    7466.4593   -2179.9716    -684.4514     924.1014
       8.8400  -17613.3324   -5539.4930    7475.7003   -2179.9511    -684.4450     924.0926
       8.8500  -17635.1318   -5546.3374    7484.9411   -2179.9306    -684.4385     924.0839
       8.8600  -17656.9310   -5553.1818    7494.1819   -2179.9101    -684.4321     924.0753
       8.8700  -17678.7300   -5560.0261    7503.4227   -2179.8897    -684.4257     924.0666
       8.8800  -17700.5288   -5566.8703    7512.6633   -2179.8693    -684.4193     924.0580
       8.8900  -17722.3274   -5573.7145    7521.9038   -2179.8490    -684.4129     924.0493
       8.9000  -17744.1257   -5580.5586    7531.1443   -2179.8288    -684.4065     924.0407
       8.9100  -17765.9239   -5587.4026    7540.3846   -2179.8086    -684.4002     924.0322
       8.9200  -17787.7219   -5594.2466    7549.6249   -2179.7884    -684.3938     924.0236
       8.9300  -17809.5197   -5601.0905    7558.8651   -2179.7683    -684.3875     924.0151
       8.9400  -17831.3173   -5607.9343    7568.1052   -2179.7483    -684.3812     924.0066
       8.9500  -17853.1147   -5614.7781    7577.3452   -2179.7282    -684.3749     923.9981
       8.9600  -17874.9118   -5621.6218    7586.5852   -2179.7083    -684.3686     923.9896
       8.9700  -17896.7088   -5628.4655    7595.8250   -2179.6884    -684.3624     923.9811
       8.9800  -17918.5056   -5635.3091    7605.0648   -2179.6685    -684.3561     923.9727
       8.9900  -17940.3022   -5642.1526    7614.3045   -2179.6487    -684.3499     923.9643
       9.0000  -17962.0986   -5648.9961    7623.5441   -2179.6289    -684.3437     923.9559
       9.0100  -17983.8948   -5655.8395    7632.7836   -2179.6092    -684.3375     923.9475
       9.0200  -18005.6908   -5662.6828    7642.0230   -2179.5895    -684.3313     923.9392
       9.0300  -18027.4866   -5669.5261    7651.2624   -2179.5699    -684.3251     923.9309
       9.0400  -18049.2822   -5676.3693    7660.5016   -2179.5503    -684.3189     923.9226
       9.0500  -18071.0776   -5683.2125    7669.7408   -2179.5308    -684.3128     923.9143
       9.0600  -18092.8728   -5690.0556    7678.9799   -2179.5113    -684.3067     923.9060
       9.0700  -18114.6678   -5696.8986    7688.2190   -2179.4919    -684.3006     923.8978
       9.0800  -18136.4626   -5703.7416    7697.4579   -2179.4725    -684.2945     923.8895
       9.0900  -18158.2573   -5710.5845    7706.6967   -2179.4532    -684.2884     923.8813
       9.1000  -18180.0517   -5717.4274    7715.9355   -2179.4339    -684.2823     923.8731
       9.1100  -18201.8459   -5724.2701    7725.1742   -2179.4146    -684.2763     923.8650
       9.1200  -18223.6400   -5731.1129    7734.4128   -2179.3954    -684.2702     923.8568
       9.1300  -18245.4338   -5737.9556    7743.6513   -2179.3762    -684.2642     923.8487
       9.1400  -18267.2275   -5744.7982    7752.8898   -2179.3571    -684.2582     923.8406
       9.1500  -18289.0210   -5751.6407    7762.1282   -2179.3381    -684.2522     923.8325
       9.1600  -18310.8143   -5758.4832    7771.3664   -2179.3190    -684.2462     923.8244
       9.1700  -18332.6074   -5765.3256    7780.6046   -2179.3001    -684.2402     923.8163
       9.1800  -18354.4003   -5772.1680    7789.8428   -2179.2811    -684.2343     923.8083
       9.1900  -18376.1930   -5779.0103    7799.0808   -2179.2622    -684.2283     923.8003
       9.2000  -18397.9855   -5785.8526    7808.3188   -2179.2434    -684.2224     923.7923
       9.2100  -18419.7779   -5792.6948    7817.5567   -2179.2246    -684.2165     923.7843
       9.2200  -18441.5700   -5799.5369    7826.7945   -2179.2058    -684.2106     923.7763
       9.2300  -18463.3620   -5806.3790    7836.0322   -2179.1871    -684.2047     923.7684
       9.2400  -18485.1538   -5813.2210    7845.2698   -2179.1685    -684.1988     923.7605
       9.2500  -18506.9453   -5820.0630    7854.5074   -2179.1498    -684.1930     923.7526
       9.2600  -18528.7367   -5826.9049    7863.7449   -2179.1313    -684.1871     923.7447
       9.2700  -18550.5280   -5833.7467    7872.9823   -2179.1127    -684.1813     923.7368
       9.2800  -18572.3190   -5840.5885    7882.2196   -2179.0942    -684.1755     923.7290
       9.2900  -18594.1099   -5847.4302    7891.4569   -2179.0758    -684.1697     923.7211
       9.3000  -18615.9005   -5854.2719    7900.6940   -2179.0574    -684.1639     923.7133
       9.3100  -18637.6910   -5861.1135    7909.9311   -2179.0390    -684.1581     923.7055
       9.3200  -18659.4813   -5867.9550    7919.1681   -2179.0207    -684.1524     923.6978
       9.3300  -18681.2714   -5874.7965    7928.4051   -2179.0024    -684.1466     923.6900
       9.3400  -18703.0613   -5881.6380    7937.6419   -2178.9842    -684.1409     923.6823
       9.3500  -18724.8511   -5888.4794    7946.8787   -2178.9660    -684.1352     923.6745
       9.3600  -18746.6407   -5895.3207    7956.1154   -2178.9478    -684.1295     923.6668
       9.3700  -18768.4301   -5902.1619    7965.3521   -2178.9297    -684.1238     923.6592
       9.3800  -18790.2193   -5909.0032    7974.5886   -2178.9117    -684.1181     923.6515
       9.3900  -18812.0083   -5915.8443    7983.8251   -2178.8936    -684.1124     923.6438
       9.4000  -18833.7971   -5922.6854    7993.0615   -2178.8756    -684.1068     923.6362
       9.4100  -18855.5858   -5929.5264    8002.2978   -2178.8577    -684.1011     923.6286
       9.4200  -18877.3743   -5936.3674    8011.5341   -2178.8398    -684.0955     923.6210
       9.4300  -18899.1626   -5943.2084    8020.7702   -2178.8219    -684.0899     923.6134
       9.4400  -18920.9507   -5950.0492    8030.0063   -2178.8041    -684.0843     923.6058
       9.4500  -18942.7387   -5956.8900    8039.2424   -2178.7863    -684.0787     923.5983
       9.4600  -18964.5265   -5963.7308    8048.4783   -2178.7686    -684.0731     923.5908
       9.4700  -18986.3141   -5970.5715    8057.7142   -2178.7509    -684.0675     923.5833
       9.4800  -19008.1015   -5977.4122    8066.9500   -2178.7332    -684.0620     923.5758
       9.4900  -19029.8887   -5984.2527    8076.1857   -2178.7156    -684.0564     923.5683
       9.5000  -19051.6758   -5991.0933    8085.4213   -2178.6981    -684.0509     923.5608
       9.5100  -19073.4627   -5997.9338    8094.6569   -2178.6805    -684.0454     923.5534
       9.5200  -19095.2494   -6004.7742    8103.8924   -2178.6630    -684.0399     923.5460
       9.5300  -19117.0359   -6011.6146    8113.1278   -2178.6456    -684.0344     923.5386
       9.5400  -19138.8223   -6018.4549    8122.3632   -2178.6282    -684.0289     923.5312
       9.5500  -19160.6085   -6025.2951    8131.5984   -2178.6108    -684.0235     923.5238
       9.5600  -19182.3945   -6032.1353    8140.8336   -2178.5934    -684.0180     923.5164
       9.5700  -19204.1804   -6038.9755    8150.0688   -2178.5761    -684.0126     923.5091
       9.5800  -19225.9660   -6045.8156    8159.3038   -2178.5589    -684.0072     923.5018
       9.5900  -19247.7515   -6052.6556    8168.5388   -2178.5417    -684.0017     923.4945
       9.6000  -19269.5369   -6059.4956    8177.7737   -2178.5245    -683.9963     923.4872
       9.6100  -19291.3220   -6066.3356    8187.0086   -2178.5073    -683.9909     923.4799
       9.6200  -19313.1070   -6073.1755    8196.2433   -2178.4902    -683.9856     923.4726
       9.6300  -19334.8918   -6080.0153    8205.4780   -2178.4732    -683.9802     923.4654
       9.6400  -19356.6765   -6086.8551    8214.7126   -2178.4561    -683.9748     923.4582
       9.6500  -19378.4610   -6093.6948    8223.9472   -2178.4391    -683.9695     923.4509
       9.6600  -19400.2453   -6100.5344    8233.1816   -2178.4222    -683.9642     923.4438
       9.6700  -19422.0294   -6107.3741    8242.4160   -2178.4053    -683.9589     923.4366
       9.6800  -19443.8134   -6114.2136    8251.6504   -2178.3884    -683.9535     923.4294
       9.6900  -19465.5972   -6121.0531    8260.8846   -2178.3716    -683.9482     923.4223
       9.7000  -19487.3808   -6127.8926    8270.1188   -2178.3548    -683.9430     923.4151
       9.7100  -19509.1643   -6134.7320    8279.3529   -2178.3380    -683.9377     923.4080
       9.7200  -19530.9476   -6141.5713    8288.5870   -2178.3213    -683.9324     923.4009
       9.7300  -19552.7307   -6148.4106    8297.8210   -2178.3046    -683.9272     923.3938
       9.7400  -19574.5137   -6155.2499    8307.0549   -2178.2879    -683.9220     923.3868
       9.7500  -19596.2965   -6162.0891    8316.2887   -2178.2713    -683.9167     923.3797
       9.7600  -19618.0791   -6168.9282    8325.5225   -2178.2547    -683.9115     923.3727
       9.7700  -19639.8616   -6175.7673    8334.7561   -2178.2382    -683.9063     923.3657
       9.7800  -19661.6439   -6182.6063    8343.9898   -2178.2217    -683.9011     923.3587
       9.7900  -19683.4260   -6189.4453    8353.2233   -2178.2052    -683.8959     923.3517
       9.8000  -19705.2080   -6196.2843    8362.4568   -2178.1888    -683.8908     923.3447
       9.8100  -19726.9898   -6203.1231    8371.6902   -2178.1724    -683.8856     923.3377
       9.8200  -19748.7714   -6209.9620    8380.9236   -2178.1560    -683.8805     923.3308
       9.8300  -19770.5529   -6216.8008    8390.1568   -2178.1397    -683.8753     923.3239
       9.8400  -19792.3342   -6223.6395    8399.3900   -2178.1234    -683.8702     923.3170
       9.8500  -19814.1154   -6230.4782    8408.6232   -2178.1072    -683.8651     923.3101
       9.8600  -19835.8963   -6237.3168    8417.8562   -2178.0909    -683.8600     923.3032
       9.8700  -19857.6772   -6244.1554    8427.0892   -2178.0748    -683.8549     923.2963
       9.8800  -19879.4578   -6250.9939    8436.3222   -2178.0586    -683.8498     923.2895
       9.8900  -19901.2383   -6257.8324    8445.5550   -2178.0425    -683.8448     923.2826
       9.9000  -19923.0187   -6264.6708    8454.7878   -2178.0264    -683.8397     923.2758
       9.9100  -19944.7989   -6271.5092    8464.0205   -2178.0104    -683.8347     923.2690
       9.9200  -19966.5789   -6278.3475    8473.2532   -2177.9944    -683.8296     923.2622
       9.9300  -19988.3588   -6285.1857    8482.4858   -2177.9784    -683.8246     923.2554
       9.9400  -20010.1385   -6292.0240    8491.7183   -2177.9625    -683.8196     923.2487
       9.9500  -20031.9180   -6298.8621    8500.9508   -2177.9466    -683.8146     923.2419
       9.9600  -20053.6974   -6305.7003    8510.1831   -2177.9307    -683.8096     923.2352
       9.9700  -20075.4766   -6312.5383    8519.4155   -2177.9149    -683.8046     923.2285
       9.9800  -20097.2557   -6319.3764    8528.6477   -2177.8991    -683.7997     923.2217
       9.9900  -20119.0346   -6326.2143    8537.8799   -2177.8833    -683.7947     923.2151
      10.0000  -20140.8134   -6333.0522    8547.1120   -2177.8676    -683.7898     923.2084
      10.0100  -20162.5920   -6339.8901    8556.3441   -2177.8519    -683.7848     923.2017
