#         t          x          y          z         vx         vy         vz
      0.000     -0.890      2.410     -1.420     -0.600      3.060     -1.060
      0.071     -1.180      2.460     -1.480     -2.390      5.090     -0.520
      0.143     -1.550      2.760     -1.560     -4.340      7.980     -0.860
      0.214     -2.040      3.290     -1.600     -4.500      8.450      0.040
      0.286     -2.490      3.720     -1.550     -5.460      6.470      0.260
      0.357     -2.600      4.360     -1.580     -7.300      7.610      0.450
      0.429     -3.050      4.840     -1.640     -8.900     12.320     -1.890
      0.500     -3.490      5.550     -1.820     -4.100      9.590     -2.370
      0.571     -3.630      6.160     -2.040     -3.330      5.930     -2.520
      0.643     -4.060      6.570     -2.210     -5.960      5.820     -1.380
      0.714     -4.480      7.150     -2.290     -7.820      7.020     -1.720
      0.786     -4.980      8.080     -2.540     -7.250     11.530     -6.410
      0.857     -5.140      8.200     -3.190     -9.840      7.640     -9.450
      0.929     -6.010      9.610     -3.650    -12.020     11.560     -8.540
      1.000     -6.760     10.150     -4.300     -7.520     11.750     -8.670
      1.071     -6.990     10.960     -4.880     -4.870     11.010     -8.890
      1.143     -7.510     11.930     -5.620     -7.370     16.820    -11.690
      1.214     -8.110     13.150     -6.380     -7.060     15.570    -10.710
      1.286     -8.780     14.430     -7.150    -10.160     17.040    -10.220
      1.357     -9.330     15.900     -7.950    -10.340     18.430    -11.160
      1.429    -10.000     17.100     -8.820    -10.470     15.860    -13.640
      1.500    -10.660     18.300     -9.830    -12.700     19.930    -14.620
      1.571    -11.450     19.770    -10.850    -10.320     23.300    -15.740
      1.643    -12.290     21.460    -11.790    -13.580     25.060    -12.760
      1.714    -13.280     23.350    -12.740    -12.590     26.980    -13.850
      1.786    -14.370     25.250    -13.750    -14.310     27.450    -15.340
      1.857    -15.300     27.300    -14.810    -16.910     26.350    -14.350
      1.929    -16.620     29.310    -15.780    -23.900     29.780    -14.430
      2.000    -18.220     31.610    -16.870    -24.200     35.420    -16.070
      2.071    -19.810     34.240    -18.000    -21.610     40.000    -16.410
      2.143    -21.310     37.050    -19.180    -16.920     40.110    -16.420
      2.214    -22.760     39.890    -20.440    -19.340     39.200    -19.600
      2.286    -24.360     42.760    -21.840    -23.020     39.860    -19.580
      2.357    -25.960     45.890    -23.160    -23.480     42.570    -19.600
      2.429    -27.660     49.080    -24.490    -24.610     44.210    -19.680
      2.500    -29.340     52.350    -25.880    -23.440     49.840    -20.110
      2.571    -31.040     55.990    -27.360    -24.630     53.400    -21.190
      2.643    -32.860     59.760    -28.770    -26.210     54.470    -19.760
      2.714    -34.810     63.560    -30.280    -26.270     56.160    -22.020
      2.786    -36.920     67.690    -31.900    -28.300     59.610    -23.890
      2.857    -39.070     72.130    -33.620    -31.000     63.230    -24.180
      2.929    -41.210     76.830    -35.390    -30.540     66.910    -27.770
      3.000    -43.300     81.870    -37.410    -30.990     72.490    -29.160
      3.071    -45.430     87.350    -39.430    -31.420     79.310    -27.550
      3.143    -47.700     93.090    -41.500    -34.260     82.070    -30.710
      3.214    -50.140     99.140    -43.670    -36.940     85.630    -29.980
      3.286    -52.270    105.590    -45.730    -39.280     88.360    -29.770
      3.357    -55.720    112.370    -47.920    -43.440     98.030    -31.600
      3.429    -58.780    119.980    -50.130    -43.970    110.510    -30.760
      3.500    -61.730    128.250    -52.270    -41.440    120.960    -29.580
      3.571    -64.780    137.300    -54.360    -41.780    132.280    -28.860
      3.643    -67.790    147.410    -56.320    -42.820    148.930    -28.240
      3.714    -70.900    158.830    -58.070    -42.210    169.490    -21.180
      3.786    -74.150    171.740    -59.260    -43.150    192.800    -11.100
      3.857    -77.000    186.710    -59.400    -36.200    226.880      9.410
      3.929    -78.630    204.410    -57.240     -4.970    265.690     57.300
      4.000    -76.760    223.120    -50.350     58.940    246.270    129.980
      4.071    -71.280    238.280    -40.060     89.800    182.480    147.920
      4.143    -64.430    249.440    -30.150     86.250    125.500    129.000
      4.214    -58.670    257.240    -21.890     76.530     89.000    104.760
      4.286    -53.730    262.470    -15.130     66.750     64.830     85.610
      4.357    -49.090    266.320     -9.700     62.560     44.490     71.450
      4.429    -44.650    268.780     -5.020     61.870     25.810     62.030
      4.500    -40.430    270.070     -0.920     59.360      9.030     52.880
      4.571    -36.400    270.180      2.760     54.180     -6.370     49.470
      4.643    -32.610    269.380      6.120     51.610    -17.300     42.990
      4.714    -28.950    267.800      9.090     51.070    -28.510     37.640
      4.786    -25.420    265.330     11.680     50.060    -39.930     32.600
      4.857    -21.900    262.110     13.980     47.900    -50.930     30.690
      4.929    -18.600    258.180     16.080     44.990    -60.240     26.740
      5.000    -15.500    253.510     17.790     41.470    -71.090     21.620
      5.071    -12.590    248.130     19.130     38.630    -80.190     15.690
      5.143     -9.860    242.050     19.910     37.070    -88.460      5.610
      5.214     -7.400    235.530     19.950     30.250    -93.010     -6.910
      5.286     -5.150    228.910     18.940     32.730    -89.120    -20.590
      5.357     -2.700    222.410     17.440     37.100    -89.650    -23.770
      5.429     -0.130    215.550     15.880     36.830    -99.190    -21.750
      5.500      2.360    207.910     14.420     36.110   -114.250    -18.810
      5.571      4.680    199.180     13.090     32.550   -130.220    -16.560
      5.643      6.690    189.110     11.670     23.970   -151.010    -21.130
      5.714      7.970    177.320      9.800     10.710   -176.630    -30.510
      5.786      8.140    163.130      6.950    -12.500   -223.370    -49.510
      5.857      4.230    144.640      1.550   -170.070   -234.060    -87.550
      5.929     -4.460    135.240     -0.820    -81.000    -72.530    -13.600
      6.000     -6.920    132.040     -0.100     24.670    -35.250     24.350
      6.071     -4.990    131.750      1.990     78.570      0.050     48.970
      6.143      0.190    133.650      5.130    125.540     42.850     71.970
      6.214      8.260    138.280      9.670    192.380    138.970    118.290
      6.286     15.210    142.790     15.740     25.130    -56.910     -1.640
      6.357     18.400    140.240     18.260     38.370    -46.960     20.180
      6.429     21.770    137.830     20.670     39.160    -25.630     16.340
      6.500     28.810    136.930     22.060     40.830    -20.750     21.800
      6.571     31.640    134.900     24.020     42.790    -30.200     21.830
      6.643     34.630    133.310     26.570     40.700    -24.100     32.670
      6.714     37.550    131.580     29.460     38.720    -27.410     33.000
      6.786     40.270    129.520     32.340     41.300    -26.800     39.750
      6.857     43.120    127.220     34.540     41.840    -32.420     29.860
      6.929     45.840    124.720     36.450     41.780    -31.440     23.800
      7.000     48.600    122.320     38.490     38.350    -27.700     21.710
      7.071     52.240    118.850     40.750     37.380    -24.040     29.750
      7.143     55.070    117.390     42.380     33.400    -22.920     21.780
      7.214     57.720    115.770     43.810     32.510    -24.180     19.840
      7.286     60.290    113.950     45.290     33.160    -23.750     22.930
      7.357     62.780    112.150     46.950     32.100    -24.810     22.190
      7.429     65.280    110.310     48.880     31.140    -23.510     28.540
      7.500     67.500    108.480     50.800     28.690    -24.910     26.570
      7.571     69.620    106.620     52.520     28.890    -29.420     23.390
      7.643     71.580    104.640     54.090     29.740    -24.790     29.170
      7.714     73.500    103.020     55.710     29.570    -21.090     25.730
      7.786     75.390    101.630     57.050     28.390    -19.870     19.550
      7.857     77.270    100.250     58.100     30.160    -19.670     18.840
      7.929     79.390     99.080     59.270     33.930    -19.080     17.440
      8.000     81.780     98.000     60.590     38.640    -16.370     20.680
      8.071     84.300     96.960     62.140     37.080    -17.570     23.720
      8.143     86.900     95.840     63.810     38.190    -19.840     23.520
      8.214     89.600     94.590     65.780     39.650    -17.590     30.200
      8.286     92.420     93.410     68.080     41.780    -16.820     36.320
      8.357     95.340     92.110     70.580     39.680    -24.020     37.030
      8.429     98.070     90.490     73.070     36.450    -22.880     36.520
      8.500    100.640     88.890     75.300     33.780    -24.680     32.050
      8.571    103.150     87.170     77.330     31.520    -27.710     27.000
      8.643    105.580     85.340     79.260     33.300    -25.540     27.210
      8.714    107.970     83.630     81.110     30.720    -29.190     23.260
      8.786    110.100     81.590     82.660     27.830    -27.780     16.490
      8.857    112.320     79.840     84.150     31.650    -26.150     18.290
      8.929    114.670     77.810     85.750     33.700    -25.100     22.560
      9.000    116.950     75.920     87.340     31.590    -24.790     21.620
      9.071    119.070     74.080     88.830     29.000    -23.370     21.020
      9.143    121.100     72.350     90.170     30.020    -26.570     18.610
      9.214    123.220     70.460     91.530     31.440    -26.150     21.000
      9.286    125.310     68.700     92.920     31.350    -25.130     21.570
      9.357    127.370     66.860     94.260     30.100    -26.510     18.430
      9.429    129.350     65.070     95.680     26.910    -28.330     22.110
      9.500    131.290     63.340     97.300     26.010    -24.080     24.880
      9.571    133.250     61.890     99.080     27.280    -16.790     26.720
      9.643    135.250     60.720    100.880     28.620    -13.300     25.830
      9.714    137.410     59.680    102.700     30.370    -13.270     23.670
      9.786    139.710     58.610    104.540     31.990    -16.310     24.980
      9.857    142.130     57.380    106.470     35.210    -17.180     27.610
      9.929    144.190     55.960    108.130     37.070    -17.710     30.870
     10.000    147.250     54.840    110.630     37.930    -21.100     30.660
     10.071    149.750     53.420    112.850     36.120    -21.010     31.400
     10.143    152.070     51.880    115.050     32.350    -17.860     34.190
     10.214    154.240     50.510    117.400     31.240    -16.830     32.390
     10.286    156.310     49.090    119.580     32.180    -18.120     32.070
     10.357    158.440     47.610    121.630     33.120    -17.100     29.270
     10.429    160.570     46.010    123.270     33.600    -20.930     25.290
     10.500    162.720     44.330    124.710     30.230    -26.820     22.120
     10.571    164.880     42.520    126.040     30.170    -29.560     17.790
     10.643    167.010     40.510    127.130     30.970    -29.600     17.090
     10.714    169.130     38.630    128.280     29.230    -29.020     16.750
     10.786    171.140     36.830    129.590     26.260    -25.060     18.620
     10.857    173.150     35.300    131.140     27.390    -20.330     20.560
     10.929    175.210     33.920    132.980     31.030    -17.350     25.030
     11.000    177.480     32.610    134.970     32.040    -16.640     27.330
     11.071    179.800     31.200    137.030     30.560    -20.620     27.950
     11.143    181.990     29.580    139.010     30.270    -22.550     27.620
     11.214    184.190     27.900    140.980     30.380    -22.460     29.100
     11.286    186.380     26.400    142.860     28.540    -19.290     27.380
     11.357    188.510     24.910    144.680     30.100    -20.380     27.270
     11.429    190.750     23.580    146.650     31.190    -20.280     26.590
