#         t          x          y          z         vx         vy         vz
      0.000   -476.220    491.420   -412.430     43.690    101.480    140.780
      0.071   -472.980    498.950   -402.050     48.640    107.560    147.750
      0.143   -469.300    506.760   -391.410     58.530    111.800    150.750
      0.214   -465.060    515.040   -380.300     63.040    116.700    160.040
      0.286   -460.100    523.460   -368.450     72.200    124.560    171.960
      0.357   -454.540    532.580   -355.730     81.670    129.660    183.850
      0.429   -448.070    541.940   -342.370     95.090    134.170    191.330
      0.500   -440.880    551.430   -328.520    107.100    134.250    201.940
      0.571   -432.480    561.130   -313.960    130.950    137.470    211.960
      0.643   -422.390    570.870   -298.360    151.930    135.220    223.200
      0.714   -410.500    580.370   -281.680    177.950    127.550    236.620
      0.786   -396.730    588.890   -264.620    205.090    113.150    241.830
      0.857   -380.920    596.310   -247.090    237.950     92.890    248.120
      0.929   -362.740    601.810   -229.380    263.870     60.800    246.700
      1.000   -343.280    605.110   -212.110    279.480     31.910    236.980
      1.071   -323.140    606.330   -195.640    287.170      2.210    221.060
      1.143   -302.670    605.510   -180.460    287.160    -25.370    203.790
      1.214   -282.260    602.790   -166.480    281.460    -52.390    186.780
      1.286   -262.510    598.360   -153.570    272.400    -69.130    174.640
      1.357   -243.400    592.950   -141.400    263.640    -81.160    164.360
      1.429   -224.810    586.620   -130.090    254.920    -96.380    149.850
      1.500   -207.060    579.240   -119.900    244.400   -106.660    140.050
      1.571   -189.850    571.290   -110.320    236.230   -115.340    129.920
      1.643   -173.330    562.810   -101.440    227.160   -121.920    121.490
      1.714   -157.440    553.800    -93.120    217.550   -130.810    112.780
      1.786   -142.210    544.250    -85.380    207.870   -135.480    105.250
      1.857   -127.700    534.400    -78.090    199.870   -141.600     97.290
      1.929   -113.670    524.080    -71.440    192.270   -146.940     91.120
      2.000   -100.290    513.280    -65.170    183.310   -154.280     84.630
      2.071    -87.640    502.080    -59.290    171.730   -157.670     79.710
      2.143    -75.620    490.770    -53.890    166.710   -158.320     72.610
      2.214    -64.010    479.340    -48.930    156.490   -162.050     67.890
      2.286    -52.960    467.590    -44.170    151.180   -165.360     64.310
      2.357    -42.420    455.630    -39.850    145.200   -169.460     59.320
      2.429    -32.360    443.400    -35.710    135.570   -170.710     56.380
      2.500    -23.050    431.100    -31.790    125.580   -175.740     52.650
      2.571    -14.380    418.440    -28.170    117.000   -179.490     46.560
      2.643     -6.240    405.450    -24.990    110.800   -185.200     43.920
      2.714      1.400    392.090    -22.030    104.110   -187.150     37.160
      2.786      8.550    378.730    -19.470     97.300   -189.810     33.980
      2.857     15.200    364.890    -17.110     87.800   -196.390     29.900
      2.929     21.000    350.690    -15.140     78.740   -199.800     26.280
      3.000     26.230    336.290    -13.490     68.350   -203.180     21.910
      3.071     30.740    321.630    -11.820     57.880   -208.600     19.630
      3.143     34.590    306.550    -10.580     47.830   -213.810     14.210
      3.214     37.540    291.130     -9.900     36.440   -217.790      9.270
      3.286     39.530    275.340     -9.440     21.700   -223.690      4.080
      3.357     40.500    259.250     -9.330      5.590   -227.410      0.220
      3.429     40.240    242.810     -9.560    -14.070   -231.430     -6.780
      3.500     38.600    226.040    -10.320    -31.120   -238.110    -14.350
      3.571     35.610    208.770    -11.580    -54.310   -244.430    -20.760
      3.643     30.880    191.180    -13.380    -79.840   -246.050    -31.470
      3.714     23.950    173.650    -16.040   -113.730   -243.590    -44.270
      3.786     14.510    156.640    -19.630   -151.810   -232.040    -56.150
      3.857      2.430    140.760    -24.260   -187.220   -210.160    -71.150
      3.929    -12.120    126.720    -29.620   -219.170   -178.240    -80.800
      4.000    -28.680    115.660    -35.710   -247.040   -129.370    -85.500
      4.071    -47.000    108.350    -41.700   -259.370    -70.480    -79.860
      4.143    -65.320    105.750    -46.960   -249.910     -1.550    -66.140
      4.214    -82.110    108.250    -50.950   -218.380     68.110    -48.060
      4.286    -96.040    115.240    -53.670   -166.680    123.570    -28.510
      4.357   -105.670    125.340    -54.990   -105.150    154.900     -9.140
      4.429   -111.070    137.030    -55.010    -47.180    168.980      6.610
      4.500   -112.620    149.110    -54.180      0.720    169.320     16.290
      4.571   -111.120    161.100    -52.670     39.350    165.130     25.100
      4.643   -107.030    172.670    -50.690     71.980    159.740     30.220
      4.714   -100.780    183.810    -48.140    101.180    153.220     38.350
      4.786    -92.650    194.560    -45.040    126.670    145.620     48.700
      4.857    -82.790    204.720    -41.120    147.890    137.820     58.830
      4.929    -71.570    214.070    -36.430    165.650    129.890     72.050
      5.000    -59.080    223.310    -30.800    183.970    124.110     86.050
      5.071    -45.350    232.090    -23.970    205.820    121.400    107.020
      5.143    -29.770    240.430    -15.160    230.770    113.690    144.930
      5.214    -12.430    247.810     -2.500    255.470     86.270    212.860
      5.286      5.490    250.950     15.340    232.170     -6.180    276.550
      5.357     20.070    247.430     34.840    179.570    -80.560    259.400
      5.429     31.540    240.460     51.960    142.790   -112.000    220.970
      5.500     40.590    231.720     66.300    117.050   -131.680    185.190
      5.571     48.540    221.870     78.690     95.740   -142.290    155.470
      5.643     54.260    211.390     88.260     78.130   -150.040    126.870
      5.714     59.270    200.340     96.680     62.450   -158.060    104.930
      5.786     63.260    188.900    103.420     49.260   -162.590     81.810
      5.857     66.390    177.120    108.420     33.880   -167.830     58.920
      5.929     68.400    165.140    111.800     20.570   -167.210     36.030
      6.000     69.510    153.140    113.460      7.500   -168.930     11.790
      6.071     69.660    141.250    113.490     -3.940   -165.880    -10.800
      6.143     69.420    129.690    112.220    -19.750   -160.550    -37.220
      6.214     67.710    118.500    108.460    -31.500   -155.080    -65.870
      6.286     64.280    107.670    102.290    -48.540   -142.220    -97.860
      6.357     60.410     98.090     94.090    -63.450   -125.090   -130.960
      6.429     55.340     89.890     83.610    -77.400   -102.710   -163.990
      6.500     49.380     83.650     70.890    -90.010    -71.030   -196.400
      6.571     42.410     80.130     55.720   -102.840    -25.890   -229.810
      6.643     34.910     80.300     38.340   -108.260     34.510   -253.860
      6.714     27.220     85.640     19.990    -99.910    115.450   -254.340
      6.786     20.810     96.530      2.840    -75.600    185.920   -217.070
      6.857     16.600    111.410    -10.340    -39.420    224.890   -152.370
      6.929     15.020    127.720    -19.120     -8.760    230.530    -89.470
      7.000     15.470    143.820    -23.440     19.980    216.710    -37.000
      7.071     17.610    158.500    -24.610     39.620    195.490      3.720
      7.143     21.030    171.610    -23.280     55.800    171.810     36.280
      7.214     25.370    182.920    -19.780     66.270    145.540     62.870
      7.286     30.430    192.390    -14.360     76.780    119.520     86.260
      7.357     36.350    199.910     -7.560     85.320     90.300    104.430
      7.429     42.730    205.420      0.430     92.800     65.450    122.380
      7.500     49.610    208.950      9.570     98.420     33.500    134.690
      7.571     56.840    210.240     19.560    103.030      2.840    144.490
      7.643     64.200    209.300     30.210    103.220    -29.380    154.640
      7.714     71.550    205.990     41.500    103.110    -64.680    160.480
      7.786     78.960    200.180     53.180    104.790   -101.330    163.630
      7.857     86.350    191.580     64.750    102.420   -140.320    161.260
      7.929     93.570    179.930     76.210     97.370   -186.520    156.800
      8.000    100.290    165.040     86.960     89.200   -232.510    142.980
      8.071    106.070    146.570     96.330     72.310   -283.200    116.090
      8.143    110.310    124.730    103.080     46.100   -328.070     68.550
      8.214    112.330    100.290    105.390      9.760   -352.340     -5.810
      8.286    111.470     75.570    101.940    -36.090   -328.930    -89.910
      8.357    107.530     54.270     93.220    -70.460   -263.740   -150.790
      8.429    101.780     38.180     81.360    -85.160   -186.750   -178.840
      8.500     95.660     27.500     68.350    -86.590   -115.920   -182.450
      8.571     89.560     21.620     55.640    -81.960    -52.080   -173.220
      8.643     84.040     19.650     43.930    -73.340     -3.250   -151.680
      8.714     79.270     20.880     33.950    -57.460     37.340   -126.100
      8.786     75.730     24.800     26.060    -41.090     69.900    -97.100
      8.857     73.590     30.740     20.220    -22.260     95.290    -65.330
      8.929     72.730     38.310     16.790     -1.230    115.470    -30.290
      9.000     73.190     47.180     15.750     16.280    131.440      4.270
      9.071     75.120     56.920     17.280     38.120    141.280     40.590
      9.143     78.660     67.190     21.720     61.960    144.730     83.640
      9.214     83.780     77.360     29.290     85.220    141.260    127.730
      9.286     91.040     87.030     40.130    116.440    127.880    176.480
      9.357    100.660     95.180     54.610    150.090     97.160    229.570
      9.429    112.560    100.200     72.820    182.720     37.870    280.730
      9.500    126.640     99.860     94.130    209.010    -55.140    310.270
      9.571    141.790     91.630    115.860    205.970   -173.870    286.560
      9.643    155.310     76.170    133.700    166.880   -245.840    204.750
      9.714    165.480     57.860    145.470    118.570   -259.560    125.900
      9.786    172.300     39.880    151.970     75.370   -241.800     60.680
      9.857    176.620     23.660    154.530     43.360   -212.800     11.180
      9.929    178.650      9.720    153.950     14.950   -178.190    -27.020
     10.000    178.940     -1.640    150.930     -8.290   -140.560    -56.720
     10.071    177.610    -10.160    145.820    -29.310    -98.070    -83.990
     10.143    174.840    -15.600    139.160    -47.170    -54.240   -103.780
     10.214    170.890    -17.710    131.170    -62.330     -2.630   -118.130
     10.286    165.910    -15.950    122.410    -75.440     53.520   -124.770
     10.357    160.120     -9.770    113.520    -83.940    119.150   -123.510
     10.429    154.080      1.470    105.250    -82.950    195.300   -103.650
     10.500    148.760     18.260     99.570    -59.910    274.310    -49.720
     10.571    146.400     39.920     99.100     -1.640    317.370     43.010
     10.643    148.830     61.530    105.710     68.570    275.320    136.280
     10.714    155.440     78.260    117.250    112.780    191.760    180.420
     10.786    164.450     89.000    130.680    134.870    108.750    191.220
     10.857    174.380     94.240    144.330    143.150     38.510    187.160
     10.929    184.520     94.730    157.030    138.110    -23.620    170.160
     11.000    194.200     91.020    168.360    131.750    -78.500    145.520
     11.071    203.010     83.650    177.570    115.910   -125.870    113.820
     11.143    210.640     73.190    184.360     95.220   -166.490     78.060
     11.214    216.430     60.110    188.300     66.070   -198.820     33.500
     11.286    219.890     45.090    189.000     32.120   -221.990    -15.420
     11.357    220.690     28.670    185.640    -11.810   -235.340    -78.870
     11.429    217.770     12.260    177.620    -69.300   -218.840   -146.660
