2.858461885532262325e+00
3.030684438318923757e+00
2.551263193355150172e+00
2.831573220803809132e+00
2.943550618258515605e+00
2.654675846819836593e+00
2.940148823633131681e+00
3.198897133452960784e+00
3.147582464713246875e+00
3.346180327991969072e+00
3.390236172435635353e+00
3.479755559068030024e+00
3.333758793555204214e+00
3.473043866283020087e+00
3.681864899229958077e+00
3.439333405642060359e+00
3.640297858348798155e+00
3.289150334425989808e+00
3.579472255351307197e+00
4.025338826773255718e+00
3.781075465560403082e+00
3.932959260296627235e+00
3.766295200441180935e+00
3.792265665886254578e+00
3.636097529060650313e+00
4.166104464083919545e+00
3.257986385984759536e+00
3.440955496844163797e+00
3.715777569770390976e+00
3.756436637554039670e+00
3.629779650682885883e+00
3.922989165164614267e+00
3.787576483160456586e+00
3.860855978967737911e+00
3.899629047701704376e+00
3.586899275609350735e+00
4.066228051124340048e+00
4.143508132768180197e+00
4.082116059282741460e+00
3.281458474468456288e+00
3.917472137291518219e+00
3.822859693268568559e+00
3.776873698481347130e+00
3.574762585508415302e+00
3.994599555363840260e+00
3.670013197597330912e+00
3.440386211963107232e+00
3.588962151040715920e+00
3.817978621288899088e+00
3.506994910001415278e+00
3.517197971447920235e+00
3.633192687761855222e+00
3.921827064845115007e+00
3.485827442140752463e+00
3.621348768651007521e+00
3.853182931291450952e+00
3.622835474063023309e+00
3.990820437007236432e+00
3.592754017799786759e+00
3.848504685219757970e+00
3.593630325421277583e+00
3.690877531720639926e+00
3.612008349093679183e+00
3.490725403180387154e+00
4.201877193720789272e+00
3.316842078615083622e+00
3.799783668458777353e+00
4.159532255397280665e+00
4.036977528988851205e+00
3.323402427488571398e+00
4.173510994007670227e+00
3.763804813986711739e+00
4.269173126825762665e+00
3.751712739587078627e+00
4.098883064606863691e+00
3.763304104904230396e+00
3.580254580031210665e+00
3.788882783803407150e+00
3.943297108345845015e+00
4.001397042227135437e+00
4.071088843985595673e+00
3.756112699894795792e+00
3.891403047616881494e+00
4.226706717999197060e+00
3.901170329162864547e+00
3.955212498017053324e+00
3.952650641634726458e+00
3.825920398012369272e+00
3.841889485919301794e+00
3.762620680405698081e+00
4.114407605185911976e+00
3.763330546978767455e+00
3.931339241002778095e+00
3.761904941076116060e+00
3.995928852806671649e+00
4.106570472797735682e+00
4.016401629635506509e+00
4.123792830155955436e+00
4.116978721443636857e+00
3.859523897113960267e+00
4.024033748133866162e+00
3.552382338253574634e+00
3.809157934500253528e+00
3.782686439864945793e+00
3.610203834015953461e+00
3.509325919736554944e+00
4.088073235697692986e+00
3.865682031891811032e+00
3.998190955494755450e+00
3.706211663251389510e+00
3.928079435738087266e+00
4.133629483055820231e+00
3.781104811416792444e+00
3.586179894581595029e+00
3.680467300258047025e+00
3.157572471035944517e+00
3.850640749670775076e+00
3.939862646561700821e+00
3.647033209989309466e+00
3.695955835295425818e+00
3.780472385136975699e+00
3.640762314942641797e+00
3.849985106131661006e+00
3.448666485303508278e+00
3.775848398227362956e+00
3.687871680858943790e+00
3.646020870191903018e+00
3.508955699499018976e+00
3.403864525347678693e+00
3.657360583359510642e+00
3.539249050337180957e+00
3.789470891237975536e+00
3.761611008408182855e+00
3.968759390523554753e+00
3.799631378585144770e+00
3.781561336226951120e+00
3.840420150878043781e+00
3.940508358214228846e+00
3.909950064132120762e+00
3.871308443400560240e+00
3.948253732792561532e+00
3.923644576392658401e+00
3.500975858356466741e+00
3.686320686376637124e+00
3.878685304647680354e+00
3.962368917964663506e+00
3.954185934157237181e+00
3.801454556250951189e+00
3.555937939044333529e+00
4.067484133962037340e+00
4.085233666423023102e+00
3.865153485851505977e+00
3.685719131229217460e+00
4.088212733308206559e+00
3.686525977282688160e+00
4.160929683700024917e+00
3.957929492813305306e+00
3.764088838128026193e+00
3.648324522146297433e+00
3.568892187236484936e+00
3.453810824475387786e+00
3.779929827608599080e+00
4.098773880474174902e+00
3.452942077164869783e+00
3.731291404864579775e+00
3.690708885944031348e+00
3.855324084884227620e+00
3.689959920200088117e+00
3.861914275075620129e+00
3.931831532857845257e+00
3.900145859093185230e+00
3.662859222937255410e+00
3.997257689099269928e+00
3.782053357210335864e+00
3.678639912385488486e+00
4.012897640679513600e+00
4.228756802184061137e+00
3.668160197576084691e+00
3.939814844811030614e+00
3.574227092293934316e+00
3.717142890145663348e+00
3.833755044392021194e+00
3.935034452665597815e+00
3.817422795815502479e+00
3.785712507272438021e+00
3.778093417212974092e+00
3.654041064794133042e+00
3.646372926439799489e+00
3.605092512088476919e+00
3.470050372271998640e+00
3.661380739872146961e+00
3.904921758535060405e+00
3.751159544456868389e+00
3.276460651413772407e+00
3.755601175984108142e+00
3.342747871036197527e+00
3.468387500158971903e+00
3.472250532396523592e+00
3.540364854470833045e+00
3.466224692251214101e+00
2.948186555608580672e+00
3.351067861892001787e+00
2.999742553647324783e+00
3.076204269660515411e+00
3.212324809349474730e+00
3.156209704025463747e+00
2.982880884328712234e+00
3.376828819001760795e+00
3.625800678462112625e+00
3.216697244220640517e+00
3.709143431038627092e+00
3.406027719877520621e+00
3.643367374368958078e+00
3.090809264121461730e+00
3.730564470144170475e+00
3.206823209067511282e+00
3.574448713715716153e+00
3.864954131777120327e+00
3.618851681906053219e+00
3.789560303206394920e+00
3.470683865210350660e+00
3.368930124793330982e+00
3.717991525148439891e+00
3.189332805592040465e+00
3.301946395345740637e+00
3.383534829505554953e+00
2.908217575819300293e+00
3.097936726488827563e+00
3.615009337199254436e+00
3.256099542592194585e+00
3.703629295353894513e+00
3.142805231534421928e+00
3.657260690972202521e+00
3.725489295797070888e+00
3.423718463773260723e+00
3.499435166275701725e+00
3.375040463041877103e+00
3.379539218181247140e+00
3.772919430500189186e+00
3.440246881492427189e+00
3.660218339753072314e+00
3.391973407806730290e+00
3.478127292657227088e+00
3.583986656590489872e+00
3.509163713796479289e+00
3.390931295016247127e+00
3.757133276930168186e+00
2.946572422235355315e+00
3.367206783652591628e+00
3.175762874407704217e+00
3.175948434629287664e+00
3.499895253589406785e+00
3.593103636429099357e+00
3.874809800270132332e+00
3.166964888597892713e+00
3.649664299350928509e+00
3.702410374468612542e+00
3.665235960675579996e+00
3.411683342505919203e+00
2.867054392496655613e+00
3.555870213671452618e+00
3.399324454058521017e+00
3.682820874442367831e+00
3.646149469897101092e+00
3.381683612775851167e+00
3.289704945393093993e+00
3.385038558917200735e+00
3.710442826417143181e+00
3.279126991308866312e+00
3.680699985936732421e+00
3.260359194352674628e+00
3.475110212468737192e+00
3.285768946347388031e+00
3.592893669428196990e+00
3.698454045229115472e+00
3.568220610592906628e+00
3.879179398738395346e+00
3.455895353055999486e+00
3.355209007923049658e+00
3.677039451829774208e+00
3.847258144065403229e+00
3.677177617756508532e+00
3.496703166157693055e+00
3.313226260824443603e+00
3.935383456897033394e+00
3.462404360817521010e+00
3.237159158293940298e+00
2.753595535689663087e+00
3.089394945707953699e+00
3.008149476849453219e+00
2.737821333638486898e+00
3.322729336847540349e+00
2.614003817996319867e+00
2.802630240698393838e+00
3.629686643722147998e+00
3.300523207120182878e+00
3.273378810691884855e+00
3.263981693002160789e+00
3.234911168945871385e+00
3.186845078800452313e+00
3.376143723774680971e+00
3.409157989518082577e+00
3.148689379973752089e+00
3.464145032414105874e+00
3.718158368735176911e+00
2.939205020376175259e+00
2.647649926174157287e+00
3.547998064119141759e+00
3.623269826279258421e+00
3.242061784088304144e+00
3.784943662278247523e+00
3.983647492936235768e+00
3.860861299867405450e+00
3.618773208065784175e+00
3.693968401709244453e+00
3.452531442885187207e+00
3.694332365355111669e+00
3.346750346636854889e+00
3.558858052041822262e+00
3.854513936809797148e+00
3.187433833039349906e+00
3.533045373246110010e+00
3.270736250865709849e+00
3.695141765761652763e+00
3.840413652619854012e+00
3.331415631116909637e+00
3.395616722025419421e+00
3.297409865620268832e+00
3.493124162319148240e+00
3.129588976156474356e+00
3.186307701614037313e+00
3.214590785364520364e+00
2.804165315441970563e+00
3.062407647577839676e+00
3.086591280873326681e+00
2.939211567432084671e+00
2.855616237972652183e+00
2.862682692163915910e+00
3.203869753990838731e+00
2.865469937080394214e+00
2.848986763149970347e+00
3.120577344293700151e+00
3.713403008715370213e+00
3.393398837557457082e+00
3.773522172046172241e+00
3.849580440210226939e+00
3.488336862194031607e+00
3.914154972088113471e+00
3.544920989361579178e+00
3.634920984374985231e+00
4.032324848727895983e+00
3.987843942386815055e+00
3.279004394995241878e+00
3.810117714670689271e+00
3.032765457800254083e+00
3.813987711343679532e+00
3.239864222105559133e+00
3.301998239152012626e+00
3.257232578967424352e+00
3.833736074407319894e+00
3.209785954500434801e+00
3.878767390356691713e+00
2.538349941690818401e+00
2.566783351351818787e+00
2.425032395935093454e+00
2.258328202068098811e+00
2.420078094270983193e+00
2.566858823544418744e+00
2.235166389689336341e+00
2.252358646538131115e+00
2.281756618814270166e+00
2.305637892284949864e+00
2.409035381917256746e+00
2.422977908636380739e+00
2.403042193479246968e+00
2.708515746271102476e+00
2.687812649686382116e+00
2.629601430665776007e+00
3.119909282649810045e+00
2.544830058018738406e+00
2.686089755671425383e+00
3.291830553015516969e+00
3.338071900071463816e+00
3.294145529741980383e+00
3.110188180239445099e+00
3.473690405227929823e+00
3.444895394309948067e+00
3.289181456853568886e+00
3.065756076553705078e+00
3.297093944551931166e+00
2.803898385285347850e+00
2.988946172558410108e+00
3.177829100461636802e+00
3.246892955429181438e+00
3.051081367259357524e+00
3.436701975726316860e+00
3.378707655278265776e+00
3.228586969234919835e+00
2.988574156347364230e+00
3.221244250551524857e+00
3.176089211889220110e+00
3.120867516414915777e+00
3.091450401334224996e+00
2.748776869745499507e+00
2.889126919207823274e+00
3.133764239593107348e+00
3.241487903410701588e+00
3.555979651793027330e+00
3.198851331650960805e+00
3.431098812533875719e+00
3.286726883367038443e+00
2.100811247233180357e+00
2.017401304680959129e+00
2.254413342212262528e+00
2.295123599744579135e+00
2.231002718864633305e+00
2.195065454229456758e+00
2.227331727039831399e+00
2.153923063994613418e+00
2.244768908042104716e+00
2.167467582476477528e+00
2.210402091794759105e+00
2.347667497744679199e+00
2.450136676385041401e+00
2.688620387617999263e+00
2.548541974738543381e+00
2.502142586920879097e+00
3.259616053838532146e+00
2.057071117829305962e+00
2.223810713037551512e+00
2.228684115273987576e+00
2.476912362008638180e+00
3.569897367073279426e+00
3.694406862070940267e+00
3.458257318592662610e+00
3.120558607312390986e+00
3.364341443715143765e+00
2.669116895459866967e+00
4.716557036549011706e+00
3.615310963320542914e+00
4.543743335093673785e+00
2.619342348364802397e+00
4.187102418609585541e+00
4.941678461975904213e+00
4.194141633052937301e+00
5.378172023884018493e+00
5.748747939613783942e+00
4.881929684259427304e+00
2.522751633944792626e+00
2.538773254264827806e+00
5.061000399898813562e+00
5.518722023499638141e+00
4.887801005900265672e+00
5.089604668995150405e+00
5.281447198239545671e+00
4.945166585091230083e+00
4.687608683837717116e+00
4.618554201756341016e+00
4.859949596906520952e+00
4.745200938287672088e+00
4.957279808591367853e+00
5.186135925904638455e+00
4.838812151841357156e+00
4.614591554162884357e+00
4.603125764357481664e+00
4.259282820589815444e+00
5.018276724925311072e+00
4.778292797007464010e+00
4.252274436545868674e+00
4.273316241666520909e+00
3.874454158773964263e+00
3.692093754214461843e+00
3.937941123269663724e+00
3.584754901088580414e+00
3.861062500176931422e+00
3.679469603830757940e+00
3.564663378882066080e+00
3.618811957365429155e+00
3.542512315936351630e+00
3.450639938359465475e+00
4.156911397516016571e+00
4.117774121181024150e+00
4.118572463944261131e+00
4.081632408439446635e+00
3.857393757736705897e+00
4.298743856957652376e+00
4.439648564762344485e+00
4.201240893612198768e+00
4.648510762790770023e+00
4.819376854095899887e+00
4.725839000738235818e+00
4.953895765609394708e+00
4.373009500179735554e+00
4.815983153050349408e+00
3.086769309208837964e+00
2.920048353302504118e+00
2.856382199556978474e+00
5.051393127821399709e+00
4.825854306881075750e+00
4.481288976781764077e+00
4.890047922456427720e+00
4.690532954172278224e+00
4.551869990406028244e+00
4.570513311681160928e+00
4.474530774714058801e+00
4.751322111744706866e+00
2.798331040988820906e+00
2.983602877777360884e+00
2.975004260375090581e+00
2.993115603708796257e+00
2.976467593998001870e+00
2.958265282190206236e+00
2.841006164354328956e+00
2.970571480796648345e+00
3.021632594065164490e+00
3.159184618583636084e+00
4.493130514840798284e+00
4.620216344921772134e+00
4.617412656542832394e+00
4.737360546453409427e+00
4.493521180712862773e+00
4.311861104753468510e+00
4.672261366437711949e+00
3.580019484924886974e+00
3.421510179026697074e+00
4.671278407159086932e+00
4.435825504397525876e+00
4.622931758645978384e+00
4.703461929808637088e+00
4.649231805944208595e+00
4.462264395388045202e+00
4.363109108327809516e+00
4.568003335325878211e+00
4.502495208074582145e+00
4.479605623526980551e+00
4.064132058483302501e+00
4.512517334332710739e+00
4.424292242680329501e+00
4.243083624336965620e+00
3.939850970712967193e+00
4.383567795225685515e+00
4.052201805653508515e+00
4.336898119479418057e+00
4.317673847770813644e+00
4.351402964424269548e+00
4.470850462461448238e+00
4.201909843203332606e+00
4.479391459163901246e+00
4.580528054158648388e+00
4.519517590542204921e+00
4.653962981984733460e+00
4.713564331661434181e+00
4.452473705112041102e+00
4.137808534264613591e+00
4.522512394205763009e+00
4.171593736118178519e+00
4.286402399516711981e+00
4.240638093330881375e+00
4.367944967254183020e+00
4.526912504165273354e+00
4.474116697105479545e+00
4.282097615175242566e+00
4.442814768874090881e+00
4.534094357833444278e+00
4.531340532785359976e+00
4.428730775545569820e+00
4.229704721384350385e+00
4.347818198499044051e+00
4.477370609670937363e+00
4.398513606273493970e+00
4.149705153384084078e+00
4.428975088022649942e+00
4.396664155025214349e+00
4.429101358254182053e+00
4.127924038071255630e+00
4.365352011616113970e+00
4.136291689973699448e+00
4.191163352432567990e+00
4.288346511544498085e+00
4.346102846511887385e+00
4.275222996947089626e+00
4.139856852868540216e+00
4.223278386484406788e+00
4.569788377258153567e+00
4.811986896434423677e+00
4.677663226257705809e+00
4.486050347660420989e+00
4.225200543796495012e+00
4.315886812376243498e+00
4.267522650366513126e+00
4.210309968485470122e+00
4.227509028400351809e+00
4.153730705931445222e+00
4.174269243938167229e+00
4.059770098139452443e+00
4.289906635029406168e+00
4.078196342131073848e+00
3.839022730223458968e+00
4.460156590953420874e+00
4.683266230534575136e+00
4.155635722317358116e+00
4.039277192196800925e+00
3.874151502907266398e+00
4.087170021003016629e+00
3.748796347799120188e+00
4.240190703710909226e+00
3.952514432881032214e+00
4.095900691492316170e+00
4.049492383854826905e+00
4.017126494925175706e+00
4.123883027364022347e+00
4.281748611780694880e+00
4.174748519220973897e+00
4.252925254722252468e+00
4.110899651292149848e+00
4.059402365731445528e+00
3.929263209553496505e+00
4.348046234218148065e+00
4.534288236166882591e+00
4.473323844334503363e+00
4.230047238595880721e+00
4.286095233866907606e+00
4.277734820475772359e+00
4.277551180932089636e+00
4.181122073534276673e+00
4.228019040090932101e+00
4.590169358227525365e+00
4.509917812400331627e+00
4.147683212169666511e+00
4.390231281136497188e+00
4.323109248570188079e+00
4.367754228332437094e+00
4.191939749839380447e+00
4.221541025385920243e+00
4.427849881176513236e+00
4.089244105226916837e+00
4.115099831243206552e+00
4.201173394870821198e+00
4.341081703435997419e+00
4.495053999227232921e+00
4.220465621285498514e+00
4.254883438514581506e+00
4.209874877416505790e+00
4.196833446521393896e+00
4.408710506183252775e+00
4.226564773857650614e+00
4.259564755876152908e+00
4.467230110622034012e+00
4.251623405739698214e+00
4.251237153503344857e+00
4.225958568714192509e+00
4.130641115259682472e+00
3.964358180680528587e+00
4.015032254959966629e+00
4.065522300707110404e+00
4.134707181386910513e+00
4.120199815614443040e+00
4.145164316997115961e+00
4.158222290004272459e+00
3.995027177377524552e+00
4.248317663014268497e+00
4.400218136915179379e+00
4.342433763315397321e+00
4.584246129065110864e+00
4.415375682325201723e+00
4.374244446387470120e+00
4.255363231050861117e+00
4.358302939270788379e+00
4.349685055935845313e+00
4.377293877492596685e+00
4.257317165970026629e+00
4.231834588617085835e+00
4.357602756809851208e+00
4.360278147508984681e+00
4.118610915808867290e+00
4.184769394467527270e+00
4.232485238882892631e+00
4.380215055162615556e+00
4.473390858524162184e+00
4.168878951364150431e+00
4.242978497375938574e+00
4.296449818890862637e+00
4.411035720971720586e+00
3.941559753151813617e+00
4.487938939845376396e+00
4.720616827290857742e+00
4.443747610407897675e+00
4.131475995178285565e+00
4.304725098950717310e+00
3.909099299470244482e+00
4.257634142438064373e+00
4.034642563672795390e+00
4.265208265813652311e+00
4.263474660119715764e+00
4.243694990190127747e+00
4.184757367985443288e+00
4.360938509597716894e+00
3.925114287865978380e+00
4.640940615388495338e+00
4.094682307942696831e+00
4.048748882421101314e+00
4.050054453862999004e+00
3.931403172269021695e+00
4.082057977865230392e+00
3.859214073531176403e+00
4.024607484570765337e+00
3.803758000083699908e+00
4.019124264130455870e+00
3.919051360960480679e+00
3.888329311465238636e+00
4.404073061903291730e+00
4.175665516835693758e+00
4.109586889372076612e+00
4.153574494545616780e+00
4.446675788693983833e+00
4.135216642384140329e+00
4.263875291904719589e+00
3.924060903157327918e+00
3.947606029893841129e+00
4.050873879178107373e+00
3.932782409542859181e+00
3.909012797072369150e+00
3.845302043329861696e+00
4.011043687391523171e+00
4.118287638260877515e+00
3.957946852995014364e+00
4.005516872361011949e+00
4.064026887202369487e+00
4.031201507789101690e+00
4.045237521239008593e+00
4.058779896727061853e+00
4.180175695617563747e+00
3.818621036298718519e+00
4.306146308697884173e+00
4.000346281707531482e+00
4.108146751742821401e+00
4.225453577057805887e+00
4.121036950360638329e+00
4.052863317798292009e+00
3.671505620745716847e+00
3.624461416358350174e+00
3.430974837865032878e+00
3.576120542855082629e+00
3.397858365555073146e+00
3.602522891727841348e+00
4.138462956476600674e+00
3.994765237081389753e+00
3.384530567970140069e+00
3.486273781739655409e+00
3.572123041542568878e+00
3.607815840856004819e+00
3.702990647566689386e+00
3.591435672457092387e+00
3.712435539010833008e+00
3.720496142948668261e+00
3.631325411980613982e+00
3.669998671862813477e+00
3.669766515245130201e+00
4.009960239808104454e+00
3.807195526298572830e+00
3.882594052449482191e+00
4.045633576770852002e+00
3.518885510529774052e+00
3.832491940132271679e+00
3.881542136550628186e+00
3.771404840100053057e+00
3.743939061795265921e+00
4.026082726735230821e+00
3.881953368575683072e+00
4.006093142962030562e+00
3.810467180186115410e+00
3.987275689481649010e+00
3.836767716855059795e+00
3.855937777917193721e+00
3.731519180675454184e+00
3.815839062353966415e+00
3.570550904102387069e+00
3.642581917975749040e+00
3.597803923950299687e+00
3.642116847866144980e+00
3.572957511489557092e+00
3.414802793628821220e+00
3.306584796800071668e+00
3.249349250578357218e+00
3.318836475528350594e+00
3.135138797996380955e+00
3.253866701807625272e+00
3.178359670745964483e+00
3.157954422797173422e+00
3.253785859766365807e+00
3.219085847716666393e+00
3.111115729106213923e+00
3.369853960179889363e+00
3.189273441922247709e+00
3.362277075694991346e+00
3.431552998695438284e+00
3.441058838514524876e+00
3.581440674393068679e+00
3.739275935844863508e+00
3.853554038795065750e+00
3.591728688283763127e+00
3.591728688283763127e+00
