3.772130435789887493e+00
3.759983342715152776e+00
3.755890957593281509e+00
3.766276240328402469e+00
3.746930825129102693e+00
3.731107325890766990e+00
3.777095362510966225e+00
3.791850527052973874e+00
3.705124460720212287e+00
3.682191664525030550e+00
3.739162515808448717e+00
3.716041913895112181e+00
3.767690222736324479e+00
3.741072688906701416e+00
3.723722050738406786e+00
3.703881107632184033e+00
3.692054915404961779e+00
3.647783735018802265e+00
3.731672954494236638e+00
3.702829611630374718e+00
3.750520701213100327e+00
3.762079232840823462e+00
3.773787179635608613e+00
3.709862835477022447e+00
3.718872220018301533e+00
3.672848748271134944e+00
3.674525121920958259e+00
3.676159177630397679e+00
3.679728276716763613e+00
3.696702835207328341e+00
3.757484198574351897e+00
3.692976054045844503e+00
3.655514292984723745e+00
3.673112201210226857e+00
3.645276131821797883e+00
3.656844685424617047e+00
3.671671758869496927e+00
3.650399751192067832e+00
3.651032984497037948e+00
3.677454209357963411e+00
3.661211786720973027e+00
3.638045348221026654e+00
3.637655234791899783e+00
3.694586480851721699e+00
3.648775101534051934e+00
3.691313514960433917e+00
3.677767581411896192e+00
3.662597354925374304e+00
3.650196902595449266e+00
3.695756882493149043e+00
3.745272181106803711e+00
3.737315304321841669e+00
3.732005298095798285e+00
3.690378282312580804e+00
3.742345515695091329e+00
3.723734104211601004e+00
3.673033539913770795e+00
3.714424007884153500e+00
3.729072148392478692e+00
3.702321463270839885e+00
3.718238680311985345e+00
3.685752486849442011e+00
3.685366193999511708e+00
3.704275249648080859e+00
3.697961914871015665e+00
3.624780944531402760e+00
3.764384482116752029e+00
3.698086056475092143e+00
3.529229447371116102e+00
3.627589819507220703e+00
3.528592963449880937e+00
3.514164353639448457e+00
3.586242781434694660e+00
3.566537185435347368e+00
3.618213387693456795e+00
3.705867797227233140e+00
3.663031525133152666e+00
3.656013996922746312e+00
3.689360440366996841e+00
3.603456257917196925e+00
3.611744485596601439e+00
3.555682447059961504e+00
3.547370567345639270e+00
3.532086021052573077e+00
3.654831951593763950e+00
3.679479926179823668e+00
3.715415133286084970e+00
3.680420434627976967e+00
3.734044285341697744e+00
3.491597840236318806e+00
3.510204491079038647e+00
3.487481807152799540e+00
3.411526129004277763e+00
3.307960112470639924e+00
3.304020835775623777e+00
3.372881518674007761e+00
3.444520125599715321e+00
3.508010389208128466e+00
3.554401417662215401e+00
3.591665218457121167e+00
3.588003876591479013e+00
3.590890018515932702e+00
3.544169770505130490e+00
3.636932116123734904e+00
3.569617633213098440e+00
3.590636825976984969e+00
3.561958414557146124e+00
3.648172661305815190e+00
3.646875599942484669e+00
3.653606482993749349e+00
3.662718572410089468e+00
3.639170479589657781e+00
3.670338026074940529e+00
3.655979508905215170e+00
3.664595979227066813e+00
3.625703176841013509e+00
3.666927617426122499e+00
3.628370843155064307e+00
3.611231126148985560e+00
3.609615554849863184e+00
3.619158662131354287e+00
3.571234448773962900e+00
3.573735605853189501e+00
3.593586162035886655e+00
3.577002038897957537e+00
3.600851774551951934e+00
3.635566469563646930e+00
3.611450315635537311e+00
3.669312984810302769e+00
3.635082240738664261e+00
3.604313723823073801e+00
3.634443737752865111e+00
3.667190562635852302e+00
3.621947329183640818e+00
3.644077331066590819e+00
3.656611670397096781e+00
3.577999219664278474e+00
3.633146483876222188e+00
3.641753872917120383e+00
3.647665484275737224e+00
3.633956229863095189e+00
3.690114905915778287e+00
3.651006914144488302e+00
3.628514791181891130e+00
3.627582283798071128e+00
3.623403510240110315e+00
3.605014968065478165e+00
3.631662418717641394e+00
3.629798511408818928e+00
3.669413238127705590e+00
3.621659121115472946e+00
3.636861657235370249e+00
3.597801302373667909e+00
3.643149951530438635e+00
3.581094461575549559e+00
3.624656242903563363e+00
3.598813092499426602e+00
3.574371532070536261e+00
3.565437415968142787e+00
3.567580873567991251e+00
3.588077039246944544e+00
3.554837386838980873e+00
3.535216496639584260e+00
3.578167090404832162e+00
3.656706708012818829e+00
3.636517572870565651e+00
3.639291800892877404e+00
3.619939143110086022e+00
3.660932699401016954e+00
3.633368015951490726e+00
3.618626377574280184e+00
3.653592529874919670e+00
3.614476643660533561e+00
3.619131891103008147e+00
3.627401506490765648e+00
3.629342049835850847e+00
3.559909861690222055e+00
3.597127712236049657e+00
3.605549184932974605e+00
3.613361719739265787e+00
3.659132004830888185e+00
3.649193703132957545e+00
3.610748908167017657e+00
3.652951032108301188e+00
3.591557904514936617e+00
3.587183142721828588e+00
3.565095396864474964e+00
3.569718059987633918e+00
3.596912210158484502e+00
3.563592217636058379e+00
3.627134265022041948e+00
3.608436737693711649e+00
3.614393005712277951e+00
3.569327849442563760e+00
3.581160025275341496e+00
3.568828112574292888e+00
3.627483657682063711e+00
3.520875232661712761e+00
3.500439544789136992e+00
3.540126625602559418e+00
3.529480272954844899e+00
3.524369787144208566e+00
3.554908634721245075e+00
3.466557392562827911e+00
3.427411847525195565e+00
3.413800671308372614e+00
3.466723000362355478e+00
3.447720061554370385e+00
3.474911559556124185e+00
3.543260454289267170e+00
3.609644451582345148e+00
3.628082529989499427e+00
3.656698795291749793e+00
3.392187826512127469e+00
3.378688496327735713e+00
3.448807243394618638e+00
3.521138540491588032e+00
3.543159394219453251e+00
3.571877176525960262e+00
3.515242987208645253e+00
3.477339714424168449e+00
3.559226676635244946e+00
3.558057960833790556e+00
3.634580217466988561e+00
3.608315736237101667e+00
3.566985331286706806e+00
3.586315853405953380e+00
3.604585524596338519e+00
3.597917465676566451e+00
3.618460936316918453e+00
3.603541984767985706e+00
3.608985189500320878e+00
3.564989116925767920e+00
3.592867937116273502e+00
3.559963910759290417e+00
3.595084980048444567e+00
3.592947527062981372e+00
3.576783277401495820e+00
3.542053552380795001e+00
3.521595194021913233e+00
3.584386754367026473e+00
3.570631359247907977e+00
3.537738709791947933e+00
3.533263667468526936e+00
3.623866257294492410e+00
3.595265152439990342e+00
3.598198347985983592e+00
3.564894305062151325e+00
3.582847762260774171e+00
3.506556957197974445e+00
3.564744917274502267e+00
3.534938473025518224e+00
3.610701786642401601e+00
3.548588668414108138e+00
3.511307129076000511e+00
3.545221827902046652e+00
3.521429336061074000e+00
3.521806554239766296e+00
3.549797333008242628e+00
3.545763007050839910e+00
3.509783205171713938e+00
3.541282067458317862e+00
3.528895490269457369e+00
3.582916371927275190e+00
3.533205595509925523e+00
3.571532633818946589e+00
3.551154882145306058e+00
3.557503131523072071e+00
3.569933587107567696e+00
3.556893087585239144e+00
3.542521285924540297e+00
3.552217623925599366e+00
3.600265347764433521e+00
3.545032928545783779e+00
3.555421837811004071e+00
3.479299018388395837e+00
3.620776170989829623e+00
3.595889671256996767e+00
3.641562868659735219e+00
3.663646633747569492e+00
3.676786694329573280e+00
3.700316047119478480e+00
3.628822561513927791e+00
3.710404723653671688e+00
3.657433854784649441e+00
3.660391794818401934e+00
3.580680256090836622e+00
3.718518096432110731e+00
3.626101949367468436e+00
3.663652746431648843e+00
3.659054079514019175e+00
3.630256345374766713e+00
3.654615150977222449e+00
3.687938209362191078e+00
3.676781099763320348e+00
3.654630931971775354e+00
3.669719069999280769e+00
3.649996634407393525e+00
3.630686630237173418e+00
3.684948783651487592e+00
3.563947870969764065e+00
3.555580179309942856e+00
3.475598312464352357e+00
3.453868822284496432e+00
3.434425086935622318e+00
3.491173778563362085e+00
3.525070257932369611e+00
3.555240843169087839e+00
3.577087764118641378e+00
3.588326468088645971e+00
3.517739495339927025e+00
3.540881326224052827e+00
3.475005569532036098e+00
3.533445771665309820e+00
3.609844981933663099e+00
3.639312317674413322e+00
3.626277715961492287e+00
3.560658479554417166e+00
3.560790827201632869e+00
3.521891209954560953e+00
3.499145857953865235e+00
3.552409048510783318e+00
3.601683369043123140e+00
3.602991385073027519e+00
3.613343241107053405e+00
3.567944512652515332e+00
3.572553137675338331e+00
3.597836657798589410e+00
3.599816041324959137e+00
3.592026982574860305e+00
3.631170346337885935e+00
3.621872397146502998e+00
3.636617086016559419e+00
3.582119921114748529e+00
3.576821694808736130e+00
3.625607158073106628e+00
3.638756984187021093e+00
3.656445048942051024e+00
3.567275759512347655e+00
3.574591139843699583e+00
3.587612695182273548e+00
3.585092306807843521e+00
3.538349523366571159e+00
3.590001037294455077e+00
3.615334250548073669e+00
3.560589739794209674e+00
3.591786856141558903e+00
3.566201055921553564e+00
3.604210870424926494e+00
3.560791757247657507e+00
3.559031360758835749e+00
3.526374655887531073e+00
3.541113641974628301e+00
3.568370808034438291e+00
3.586596605388549186e+00
3.609272756449593889e+00
3.615823146852220393e+00
3.621756695471300525e+00
3.565523985414957853e+00
3.596218629276169754e+00
3.610040000625646783e+00
3.549935416875595884e+00
3.550321098377536178e+00
3.621504333973024181e+00
3.561162485704561842e+00
3.561618303448738310e+00
3.514268691062265582e+00
3.545204619102186427e+00
3.551474562393392542e+00
3.556273706911629251e+00
3.627275981795170523e+00
3.600737333349814939e+00
3.629459260477209792e+00
3.587158151446834697e+00
3.613974068987389821e+00
3.581114128589693024e+00
3.595919809106307152e+00
3.545453023564712147e+00
3.531369592857660056e+00
3.565994523659250071e+00
3.489352169516758639e+00
3.558622112903098600e+00
3.463592296050840069e+00
3.413747752508430100e+00
3.432014527189580555e+00
3.470450347112297163e+00
3.513044779778073057e+00
3.542066763578564537e+00
3.563778546523190371e+00
3.548092994028921421e+00
3.503842900297372331e+00
3.444661871728260216e+00
3.331665296136466115e+00
3.295769186253239003e+00
3.300988648231865774e+00
3.358032862415742947e+00
3.326542082536271927e+00
3.443238061088835789e+00
3.538308274885475058e+00
3.587797426983056148e+00
3.531696997836764051e+00
3.514953903360610088e+00
3.388520043348461908e+00
3.355652995095025570e+00
3.304927450390600985e+00
3.360465045837730536e+00
3.458992916093774017e+00
3.449713759011495018e+00
3.548059588161132538e+00
3.506990235832971425e+00
3.330239638272841418e+00
4.296705772660621925e+00
5.295659665723514209e+00
5.479386910170824798e+00
5.283676956908096578e+00
5.258658276720820979e+00
5.192972164833014048e+00
5.088289453165490528e+00
4.916985579290391151e+00
4.742420054170252364e+00
4.148640294640068227e+00
3.517918248784822399e+00
3.285187770733363877e+00
3.329835159275969403e+00
3.500923104555465404e+00
3.533404758910215993e+00
3.442588528235942746e+00
3.290733415187292454e+00
3.376796140752154507e+00
4.282002599786500774e+00
5.702951404349074771e+00
6.469575414993831153e+00
6.870142996654773349e+00
8.318429376714558288e+00
9.960885625622546868e+00
1.368993912765603582e+01
1.836962697644448639e+01
3.331297963524421313e+00
4.229257325248580557e+00
3.813639816439483798e+00
3.806784509853369247e+00
3.656305587118526379e+00
3.469650432328534873e+00
3.434064522347306525e+00
3.582985667569010158e+00
3.749701568171849519e+00
3.688995420956154625e+00
3.627963070822089797e+00
3.676655420737883428e+00
3.637107493008622683e+00
3.661843957788113002e+00
3.670233531660720860e+00
3.592208230870962193e+00
3.589961997586372799e+00
3.584730463329110162e+00
3.571312542411087421e+00
3.614085354129030758e+00
3.638756890388415322e+00
3.674513437612779487e+00
3.555605214494904409e+00
3.498452445424058421e+00
3.521212531064905615e+00
3.554156503543412615e+00
3.662701056132818600e+00
3.631909669005704888e+00
3.669424038849459002e+00
3.640847579369182352e+00
3.648096581307409103e+00
3.659225308174685498e+00
3.619869563297477999e+00
3.629740341841302342e+00
3.652817040288472761e+00
3.559175632357551855e+00
3.647227275935033930e+00
3.647891324866914253e+00
3.654843170882562831e+00
3.612523857580650422e+00
3.582792847737419351e+00
3.626957954990876587e+00
3.623087455620141561e+00
3.646695311122153615e+00
3.676388029477619668e+00
3.630322942271976494e+00
3.573953544173462671e+00
3.601846534758440743e+00
3.636281905723122598e+00
3.578680595726404956e+00
3.643126570713191459e+00
3.627533739893015863e+00
3.599745397737725838e+00
3.660080858188887731e+00
3.624486732356555496e+00
3.539968164515283178e+00
3.525825432719201125e+00
3.576023272250403284e+00
3.498337305999242197e+00
3.599511178549409607e+00
3.667463909250148646e+00
3.652100476503416182e+00
3.627545865659579150e+00
3.598457413800340010e+00
3.996940085957186639e+00
4.097906214629390753e+00
4.093458157911653572e+00
4.162222457064366665e+00
4.267195805709838474e+00
4.236884534201025510e+00
4.134128144812588168e+00
4.174045162836282685e+00
4.209730074055313409e+00
4.250105592009250088e+00
4.274897513043232955e+00
4.520503592220246780e+00
4.553136738436518449e+00
4.621565813002306733e+00
4.836537121599113753e+00
4.597621747373727530e+00
4.608472792821880937e+00
4.904076540135083206e+00
4.930880481413301375e+00
4.845541025715230710e+00
4.708704384334398085e+00
4.715101444156605481e+00
4.639319611807121824e+00
4.584538414163096931e+00
4.501311655152092861e+00
4.439069863854951059e+00
4.371753319939942095e+00
4.322546849266976743e+00
4.210954697851290618e+00
4.137688895863004035e+00
4.037405792980457875e+00
3.897408993457806226e+00
3.827222218390187614e+00
3.697675183816335753e+00
3.571421943021051426e+00
3.567935440019586846e+00
3.417603264848600553e+00
3.396299347508779487e+00
3.331454978272250678e+00
3.275084419634543220e+00
3.270403553472458480e+00
3.213082872381711752e+00
3.230567763196975140e+00
3.269483441154898973e+00
3.271707292084786278e+00
3.345970428070067726e+00
3.392321573338282104e+00
3.442697518724758154e+00
3.507934000521303552e+00
3.578586574549445842e+00
3.505677861096537562e+00
3.634969306968983016e+00
3.664622269766836471e+00
3.719239041717751881e+00
3.667806327196941663e+00
3.707635405075228707e+00
3.677403133192706175e+00
3.694023316140954805e+00
3.641427500716218013e+00
3.649346729117419308e+00
3.718848695445155172e+00
3.713439098121236626e+00
3.697337331413357742e+00
3.553433737888278543e+00
3.701501462180251334e+00
3.662918689072605094e+00
3.789635689378318961e+00
3.724375441915805052e+00
3.705429318738202582e+00
3.654501992121988785e+00
3.692993232319726093e+00
3.703566815775575449e+00
3.711460768924579767e+00
3.716394727051337554e+00
3.751247790553108530e+00
3.673005281768785046e+00
3.723011315462967818e+00
3.705055426790416995e+00
3.688877080421384846e+00
3.721793219172765621e+00
3.623454120126840206e+00
3.558285826267797880e+00
3.565721172883149936e+00
3.594987767895148956e+00
3.614113122729977867e+00
3.672671070111738434e+00
3.573730256435101449e+00
3.537302528489942866e+00
3.546246029129347832e+00
3.577011887013630709e+00
3.533829967725598209e+00
3.520483954684263672e+00
3.549904820909385084e+00
3.524270136246412388e+00
3.663214081599026617e+00
3.621817556824293849e+00
3.544751051291530342e+00
3.435637704687381166e+00
3.395070412345642996e+00
3.374824545667493680e+00
3.376000915213266840e+00
3.317253762908273007e+00
3.334192827895424927e+00
3.309596930886067767e+00
3.337552482840488555e+00
3.327932229077598336e+00
3.315847825144515593e+00
3.317744758211248701e+00
3.358923393446806571e+00
3.371363452919581949e+00
3.396460526805768154e+00
3.427539455294147164e+00
3.443603923729380067e+00
3.462569232118526408e+00
3.460339278766516813e+00
3.460119610622387931e+00
3.453779307026802581e+00
3.473511177515474557e+00
3.444988602396908295e+00
3.436384104738298362e+00
3.416330073691293379e+00
3.427278094988938317e+00
3.428922818882994328e+00
3.395530226081273639e+00
3.393232254014701965e+00
3.398343823286604337e+00
3.348948985648638743e+00
3.384502519125564213e+00
3.557909648592714191e+00
3.572708819798195101e+00
3.628309561465905553e+00
3.563849289772667905e+00
3.564641377573567915e+00
3.534886581255772153e+00
3.596769606266597474e+00
3.679277155009120559e+00
3.577628078615348262e+00
3.586035725177736833e+00
3.604912893060492340e+00
3.554941229057085650e+00
3.491490217396307827e+00
3.490203085727502597e+00
3.487700774027472139e+00
3.595391196106983767e+00
3.627205143823577949e+00
3.612715251007061479e+00
3.561224452815558994e+00
3.592875867044346805e+00
3.530253355184056918e+00
3.591223961003974008e+00
3.578906276528464492e+00
3.614887488990802034e+00
3.576891709802652031e+00
3.713231333725922401e+00
3.706449458712092415e+00
3.709080127718744180e+00
3.741853970213619540e+00
3.567519308578036785e+00
3.588721943672959380e+00
3.595815543224003541e+00
3.630140202648477477e+00
3.597602980032069020e+00
3.598869138512425181e+00
3.585054444122412143e+00
3.582559339975204704e+00
3.580891636694653712e+00
3.738543779503616271e+00
3.589285649502683917e+00
3.554749051808562488e+00
3.750645070234273071e+00
3.578636832610945451e+00
3.513264625327023438e+00
3.640449290275609595e+00
3.503400784832745973e+00
3.482928673753185489e+00
3.487402566539786530e+00
3.447558902951084470e+00
3.697734473795389665e+00
3.588463009112651037e+00
3.560472142824071984e+00
3.599118836909050323e+00
3.619263668707936699e+00
3.746912089151278824e+00
3.688690357414156740e+00
3.635377644311823975e+00
3.595672726764106208e+00
3.624904130498866284e+00
3.581032032708888035e+00
3.676772957474448766e+00
3.689910548218795938e+00
3.697188045786212740e+00
3.703198823155298136e+00
3.717321657573290583e+00
3.587168582538159178e+00
3.659583561289204923e+00
3.746635064689127326e+00
3.566705400149858818e+00
3.588456101090563344e+00
3.599041483107891182e+00
3.610831115573251537e+00
3.580023654177064696e+00
3.571837491264459263e+00
3.582101187886660654e+00
3.487537887955923122e+00
3.452717996648176690e+00
3.480618754162532635e+00
3.451568749044907403e+00
3.462431201806202008e+00
3.573947466664598061e+00
3.531065282026315533e+00
3.598960157679726102e+00
3.573404764152756208e+00
3.591417101219523733e+00
3.579405358006673588e+00
3.576406883739698728e+00
3.545765472237737637e+00
3.544298726873980510e+00
3.592026830045277563e+00
3.591883413892381416e+00
3.612932752252865143e+00
3.590686888558871637e+00
3.585606740827882000e+00
3.596652398593870092e+00
3.580707476504048969e+00
3.580016652817398448e+00
3.564026114686837499e+00
3.569887833164877122e+00
3.574071920863171936e+00
3.592436249187703101e+00
3.517121333533421268e+00
3.528705138981168776e+00
3.460945715634717867e+00
3.515970486564017339e+00
3.444131050440475850e+00
3.413265719132215548e+00
3.448150622793315634e+00
3.410784365207653046e+00
3.423575108844284287e+00
3.423815812132572578e+00
3.399966789229036834e+00
3.387813646033483117e+00
3.591305193567377430e+00
3.598943467609278635e+00
3.623411349961692451e+00
3.597035343358328419e+00
3.637323958019584857e+00
3.610446179797957456e+00
3.649919964026554275e+00
3.602946159733748210e+00
3.618134202387599085e+00
3.578314152493665024e+00
3.636959341047424132e+00
3.627532839607380488e+00
3.590181629771942440e+00
3.580114315271585745e+00
3.627116471625385863e+00
3.640367670207459661e+00
3.627310021710591581e+00
3.626227917956616142e+00
3.605531224863446571e+00
3.619339673469403440e+00
3.584639621313782332e+00
3.612630489014272861e+00
3.607649680710074858e+00
3.471436146722224780e+00
3.483749959464656154e+00
3.508021655557091556e+00
3.515675863065844009e+00
3.552099434120242538e+00
3.574594668295280719e+00
3.578910067971242448e+00
3.592609555549212796e+00
3.577548152104836898e+00
3.586248072220663552e+00
3.581499638560707410e+00
3.544235721558059549e+00
3.572059674930704531e+00
3.518772743935314917e+00
3.545439168922945417e+00
3.531913899099594634e+00
3.577554724280503251e+00
3.571851529379214796e+00
3.535094389338490739e+00
3.534882899642573406e+00
3.536361600309302577e+00
3.524927635663932080e+00
3.559238692306888385e+00
3.517131439391949055e+00
3.563221133437749710e+00
3.514567207188707076e+00
3.533190610242011420e+00
3.516305651103119878e+00
3.470949131844851543e+00
3.499372287492682698e+00
3.471778591655045876e+00
3.504776328648292694e+00
3.501353017662817813e+00
3.487287503394859378e+00
3.507006159136911272e+00
3.485159687403111661e+00
3.484422366108132163e+00
