3.643324849182299818e+00
3.604831235258773248e+00
3.618968124146430654e+00
3.573469933707547064e+00
3.573922229804054052e+00
3.581246093501254002e+00
3.592094640749709633e+00
3.607626218335095558e+00
3.681964145649284870e+00
4.579833769678057109e+00
6.255067146004408052e+00
8.129968621104399773e+00
9.123990448516735796e+00
9.854732365178580977e+00
8.598872857993981711e+00
7.471423666479142689e+00
7.029397550996121069e+00
6.697940880320942370e+00
6.400130579575652234e+00
6.218398597499074754e+00
6.066937558925892482e+00
5.817384512428386500e+00
5.931922818604610015e+00
5.682075619468961669e+00
5.345167923085046624e+00
5.262313715577225715e+00
5.500701090019643580e+00
5.579940459103192474e+00
5.701401231862211816e+00
6.137157893003423403e+00
6.942131763380735343e+00
7.903260825997230121e+00
9.496108709043800999e+00
1.059252418237026205e+01
1.364867487943961954e+01
1.935074040011210172e+01
3.256515569734467874e+01
1.433375340531811837e+01
1.017873842900195847e+01
8.601773450364712303e+00
8.126774301167639436e+00
7.831332658808536351e+00
7.093772280123701535e+00
7.105063516245642141e+00
7.586225536982596829e+00
7.614715193902703128e+00
7.653267520376464184e+00
7.519041222251654055e+00
7.007475093354140760e+00
6.804234355590347505e+00
6.514459631192731415e+00
6.105248229503230206e+00
5.625060938061086091e+00
5.278819471062891289e+00
4.846408198974981651e+00
4.449246766106920603e+00
4.123812017999783919e+00
3.845613415238831045e+00
3.794492077515859485e+00
3.663694791025636111e+00
3.654366981910460499e+00
3.665797862294802645e+00
3.609008040886375834e+00
3.625287653793647813e+00
3.624124919438734604e+00
4.402800156261486464e+00
4.483840719175438139e+00
4.631166002455100461e+00
4.595690400245448615e+00
3.698666574042460464e+00
3.613094755358960519e+00
3.623272601757487887e+00
3.663225096467700226e+00
3.683248757587950006e+00
3.685003396401905551e+00
3.678903692663402669e+00
3.715279164461249728e+00
3.713182671203991703e+00
3.685722122466201789e+00
3.703933681745805284e+00
4.008590347127646503e+00
4.026460548776781501e+00
3.977592986357845195e+00
4.066466520218463110e+00
4.107047225210822106e+00
4.100424703129966097e+00
4.100340260696599515e+00
4.102535066870713010e+00
4.080921418460013328e+00
4.127555795930258675e+00
4.196508498216891425e+00
4.155485148427038311e+00
4.091802065555378398e+00
4.130585639134922715e+00
4.047979111654524509e+00
3.978629448329307650e+00
3.931113184222624124e+00
3.895132855622029489e+00
3.831075841722620279e+00
3.747229738425678303e+00
3.699407647655078346e+00
3.709420229668317859e+00
3.666194208715351177e+00
3.682960124159100346e+00
3.669762081416324762e+00
3.708966823203532215e+00
3.640632155848640750e+00
3.628440877115639562e+00
3.617696385220274813e+00
3.640655331811177842e+00
3.643846468111238135e+00
3.624854761667068104e+00
3.617894173935016333e+00
3.603952815990455250e+00
3.666734229342760720e+00
3.671089669185183979e+00
3.635946402862312077e+00
3.630529992975160436e+00
3.612663133609110400e+00
3.656985788900466439e+00
3.651201961144753927e+00
3.625114314321771669e+00
3.637351285625726849e+00
3.636219811112183731e+00
3.631269645144521885e+00
3.631512257772877561e+00
3.595253244014314120e+00
3.633669918346858374e+00
3.637857739513070232e+00
3.647334438829622272e+00
3.678084038895298225e+00
3.661912563420329558e+00
3.662037167143703087e+00
3.671190555159240088e+00
3.674677563474165964e+00
3.656003157647929047e+00
3.693182549113861235e+00
3.680208679743090627e+00
3.656421952455874980e+00
3.666200410622861838e+00
3.609043945656780661e+00
3.566434896904313590e+00
3.633806019937535048e+00
3.603578317906225958e+00
3.609567440634786184e+00
3.567636457183173793e+00
3.631451882943165455e+00
3.596450530730875617e+00
3.620336272557726609e+00
3.639345772155951675e+00
3.660656933334272445e+00
3.686189178260689481e+00
3.689746285435373530e+00
3.757901723278271433e+00
3.765794473398193620e+00
3.776435362715202970e+00
3.828113319420895611e+00
3.813172498728843340e+00
3.806694658965978029e+00
3.800480362934218093e+00
3.827610233156316433e+00
3.848047344348603183e+00
3.858108247767927157e+00
3.815385088496779709e+00
3.794313267856563421e+00
3.712256227410324794e+00
3.735484950583258357e+00
3.730126169356951404e+00
3.719921953159047057e+00
3.764352825485088427e+00
3.783717316819737775e+00
3.752277862579415757e+00
3.784170879343596638e+00
3.751579219042317614e+00
3.765108601748500483e+00
3.754427921901987819e+00
3.765748841123828683e+00
3.747293361311932358e+00
3.738668127676143094e+00
3.721945138149098664e+00
3.762449687938717258e+00
3.727177036712704616e+00
3.682427037856833785e+00
3.697840941191717690e+00
3.721338631095443716e+00
3.716926425226122266e+00
3.729890659319286428e+00
3.753328071735630544e+00
3.807811571198349565e+00
3.803362996692118525e+00
3.790061678310952420e+00
3.829849776604648426e+00
3.834242660193142971e+00
3.887631392985908541e+00
3.875477378560530095e+00
3.907036742103905613e+00
3.912033705501425818e+00
3.862733758768521763e+00
3.893226975613736318e+00
3.895683612186380262e+00
3.903316941641311821e+00
3.859643791934078472e+00
3.845693491895289640e+00
3.895969243289965078e+00
3.859843254374589527e+00
3.826156198439442324e+00
3.776441600878487126e+00
3.829626205045993270e+00
3.801416869481545113e+00
3.787297360152470205e+00
3.792341118614874773e+00
3.819967997639785562e+00
3.768244176435387338e+00
3.774950413572219610e+00
3.722068127408394211e+00
3.769506041889108428e+00
3.763292381413171572e+00
3.728918044717464131e+00
3.748076874993870433e+00
3.787141973495971925e+00
3.745759390115116716e+00
3.724765266016547560e+00
3.745500287671964301e+00
3.736601961961293572e+00
3.731326561980420120e+00
3.778750085724211782e+00
3.683852944931799822e+00
3.744576524281846286e+00
3.716182894614817211e+00
3.741322290368213732e+00
3.736031585588459603e+00
3.747390218091700476e+00
3.762302636107512477e+00
3.738969297659227919e+00
3.738287124261160166e+00
3.739338554890446531e+00
3.763799300877199272e+00
3.765732349084138342e+00
3.732181294287862716e+00
3.741598657025511532e+00
3.738060166628114356e+00
3.763642726823420492e+00
3.722974031985661014e+00
3.727777585179055553e+00
3.815387799294803983e+00
3.778437020190364759e+00
3.750727490124037278e+00
3.776543350506337049e+00
3.740658449059090618e+00
3.764841867627006788e+00
3.696354987941791403e+00
3.764900940301875831e+00
3.723322857611193637e+00
3.761475148698366855e+00
3.726637291222944182e+00
3.731062644369566250e+00
3.737844282324259026e+00
3.747093419667859138e+00
3.779889026171564304e+00
3.760778315799386373e+00
3.758649286731459149e+00
3.768888252620360202e+00
3.738250552969792473e+00
3.723234930690402233e+00
3.732426818700347315e+00
3.721359836844468916e+00
3.713378570445304838e+00
3.728939557389303161e+00
3.715665316986482392e+00
3.741278757522630727e+00
3.748464110499882818e+00
3.724186997251270892e+00
3.721289238159488644e+00
3.715240234213533554e+00
3.710906979982933063e+00
3.696847132675516345e+00
3.720674263786576397e+00
3.748356088068385716e+00
3.713500130832884327e+00
3.720663673165846230e+00
3.714613431889039585e+00
3.691667237567879400e+00
3.719235369841001670e+00
3.718871302913961951e+00
3.684775351905038576e+00
3.731137717759974493e+00
3.707447281171753595e+00
3.694963115613678184e+00
3.710296814743289762e+00
3.689644866550064961e+00
3.659709381485265034e+00
3.674443364384173183e+00
3.711365197555235529e+00
3.685089787539620243e+00
3.679277189644995172e+00
3.689924641467323241e+00
3.693823449487406041e+00
3.681535564375797875e+00
3.698637715228928702e+00
3.651471625963392587e+00
3.651790846428065063e+00
3.678724244380287001e+00
3.672511423851802181e+00
3.663612760024685944e+00
3.658087910392962883e+00
3.654328884025044744e+00
3.679747550911533160e+00
3.668551059697545025e+00
3.706328324433561416e+00
3.664556259946357475e+00
3.669716192626447882e+00
3.665422247134499933e+00
3.681479877116545119e+00
3.652848692892637583e+00
3.646160722583404734e+00
3.655964738460091734e+00
3.631239654805259232e+00
3.684190130417710929e+00
3.628214365771665229e+00
3.634023565065505057e+00
3.603563331924383384e+00
3.598809337774483197e+00
3.607090932275060169e+00
3.612566947354836522e+00
3.628503547636119819e+00
3.639082668649701535e+00
3.638741333879919271e+00
3.651046313272454213e+00
3.656878975774945140e+00
3.680524462455784018e+00
3.688487808991378625e+00
3.688610303224722387e+00
3.721679113694268626e+00
3.785140772466693004e+00
3.794708501083390750e+00
3.807652447914155580e+00
3.811096387990414947e+00
3.848493759172241013e+00
3.899488858538757707e+00
3.920820503963069026e+00
3.922217492016237816e+00
3.971514768643385818e+00
3.929917982846054869e+00
3.922329385355271203e+00
3.938243529958239897e+00
3.942293835479712794e+00
3.904895612796145166e+00
3.964919620053015681e+00
3.921179189341641447e+00
3.896572398294015027e+00
3.930891689296562408e+00
3.901247362641268257e+00
3.869807835988454681e+00
3.901206547306709904e+00
3.892239256646145229e+00
3.864259186034227245e+00
3.837534281752294607e+00
3.857098485000815202e+00
3.869809055623751437e+00
3.798577463630967710e+00
3.799488271408561602e+00
3.782712770513864342e+00
3.796846200481926115e+00
3.764490821930285058e+00
3.783556078346118845e+00
3.705001368452272015e+00
3.682358308323927076e+00
3.678422066490489861e+00
3.679920720246263155e+00
3.652756949225572036e+00
3.663599976306455286e+00
3.677846372769888905e+00
3.661705718601224291e+00
3.646979931954847043e+00
3.657525787389242833e+00
3.685936677524924043e+00
3.645122425201232197e+00
3.666343733850213837e+00
3.660927477247216011e+00
3.673145690988050660e+00
3.651887131064972980e+00
3.665144678993473626e+00
3.667791018846045858e+00
3.679769066644891229e+00
3.700133155642246319e+00
3.700344687491843310e+00
3.726394715145692427e+00
3.749417420545144264e+00
3.717897786165907270e+00
3.690419965656114076e+00
3.747522108938845076e+00
3.728988149501891947e+00
3.737432895916017905e+00
3.746401445692881804e+00
3.752651294775203539e+00
3.754085225459870223e+00
3.801560589803610224e+00
3.795155493756327214e+00
3.764651799566467449e+00
3.742903364229873020e+00
3.742910306316984403e+00
